 DATE       TIME          LONG   LAT   DEPTH STK DP  RKE Mom      Mw   CMTNAME
# -----------------------------------------------------------------------------
 2000/01/08  16:47:20.6 -173.81 -16.84  162.4  79  8  -13 6.9e+26  7.16 010800G        
 2000/01/28  14:21:07.3  146.81  43.08   50.0 163 38   15 2.0e+26  6.79 012800B        
 2000/02/06  11:33:52.3  151.19  -6.06   45.0 232 23   80 9.4e+25  6.58 020600C        
 2000/02/25  01:43:58.6  174.17 -19.55   16.8 315 74  169 5.1e+26  7.07 022500B        
 2000/03/03  22:22:40.7  143.85  -6.92   16.0 315 36  105 8.5e+25  6.55 030300D        
 2000/03/28  11:00:22.5  143.76  22.32   99.7 255  6 -127 3.2e+27  7.60 032800C        
 2000/04/23  09:27:23.3  -63.04 -28.41  607.9 290  5 -150 3.1e+26  6.92 042300B        
 2000/05/04  04:21:16.2  123.59  -1.29   18.6 225 64  172 2.4e+27  7.52 050400A        
 2000/05/12  18:43:18.1  -66.85 -23.72  226.6 214 12  -62 6.6e+26  7.14 051200C        
 2000/06/04  16:28:26.2  101.94  -4.73   43.9  92 55  152 7.5e+27  7.85 060400D        
 2000/06/07  23:45:26.7  101.82  -4.63   16.6 358 34   78 1.3e+26  6.67 060700D        
 2000/06/11  11:55:12.3  139.38 -50.80   15.0 181 76   -1 7.9e+25  6.53 061100C        
 2000/06/18  14:44:13.3   97.17 -13.47   15.0 161 63   -5 7.9e+27  7.86 061800A        
 2000/07/16  03:57:45.6  150.96  -7.54   15.0 276 43  -62 9.4e+25  6.58 071600B        
 2000/08/03  01:09:39.0  166.17 -11.93   51.4 169 40   87 8.9e+25  6.56 080300A        
 2000/08/04  21:13:02.7  142.03  48.77   15.0 328 36   60 1.9e+26  6.79 080400G        
 2000/08/06  07:27:12.9  139.68  28.89  411.3 108 27 -142 1.2e+27  7.31 080600B        
 2000/08/09  11:41:47.9 -102.39  18.13   33.0 291 43   91 7.1e+25  6.50 080900C        
 2000/08/15  04:30:08.8 -179.95 -31.42  367.4 135 35 -152 9.1e+25  6.57 081500C        
 2000/08/28  15:05:47.9  127.59  -4.18   15.0 292 31  116 1.7e+26  6.76 082800E        
 2000/10/04  16:58:44.3  166.77 -15.51   15.0 341 44   94 3.0e+26  6.92 100400G        
 2000/10/06  04:30:19.1  133.20  35.33   15.0 331 83    1 1.2e+26  6.65 100600A        
 2000/10/25  09:32:24.0  105.43  -7.28   45.6 299 27  102 1.7e+26  6.75 102500D        
 2000/10/29  08:37:08.8  153.95  -5.21   92.1 142 27   90 3.0e+26  6.92 102900C        
 2000/11/07  00:18:04.9  -29.24 -55.34   16.0 113 24  103 1.6e+26  6.74 110700A        
 2000/11/16  04:54:56.7  152.79  -4.56   24.0 328 43    3 1.2e+28  7.99 111600B        
 2000/11/16  07:42:16.9  153.17  -5.03   31.2 253 15   93 6.5e+27  7.80 111600C        
 2000/11/17  21:01:56.5  152.34  -5.26   17.0 230 24   64 5.6e+27  7.76 111700Q        
 2000/11/18  02:05:48.8  153.52  -5.24   19.0 160 51   44 1.0e+26  6.60 111800F        
 2000/11/18  06:54:58.3  151.85  -5.43   50.0 243 37   75 1.6e+26  6.73 111800H        
 2000/11/25  18:09:11.4   49.95  40.24   15.0  93  2 -145 1.8e+26  6.77 112500D        
 2000/12/06  17:11:06.4   54.87  39.60   33.0 319 33  136 3.9e+26  6.99 120600C        
 2000/12/06  22:57:40.0  152.87  -4.37   30.0  19 54  137 7.5e+25  6.51 120600E        
 2000/12/18  01:19:21.6 -178.98 -21.11  655.7 172 17 -144 7.6e+25  6.52 121800A        
 2000/12/20  16:49:43.3  154.71  -9.29   15.0  96 87   -2 9.6e+25  6.58 122000H        
 2001/01/01  06:57:04.2  127.07   6.73   44.0 171 45   60 1.7e+27  7.42 010101B        
 2001/01/01  08:54:31.6  127.13   7.12   44.1  34 34  147 1.8e+26  6.77 010101D        
 2001/01/09  16:49:28.0  167.11 -14.90  114.4 183 44  160 4.2e+26  7.01 010901G        
 2001/01/10  16:02:44.2 -153.56  56.99   21.0 224  8   74 3.3e+26  6.94 011001E        
 2001/01/13  17:33:32.4  -89.13  12.97   56.0 121 35  -95 4.6e+27  7.70 011301C        
 2001/01/16  13:25:09.8  101.42  -4.38   20.0 321 14  111 2.0e+26  6.79 011601D        
 2001/01/26  03:16:40.5   70.24  23.63   19.8 298 39  136 3.4e+27  7.62 012601A        
 2001/02/13  14:22:05.8  -88.97  13.98   15.0 276 74  175 8.1e+25  6.54 021301B        
 2001/02/13  19:28:30.3  102.36  -5.40   21.2 315 16  103 1.2e+27  7.31 021301D        
 2001/02/24  07:23:48.7  126.42   1.55   42.8 197 42   78 4.5e+26  7.03 022401A        
 2001/02/28  12:30:14.1  169.87 -22.11   17.0 321 28   94 1.1e+26  6.63 022801E        
 2001/02/28  18:54:32.8 -122.53  47.14   46.8 176 17  -96 1.8e+26  6.76 022801L        
 2001/03/24  06:27:53.6  132.52  33.97   47.4 323 39 -121 2.0e+26  6.79 032401C        
 2001/04/09  09:00:57.2  -73.23 -32.88   15.0 219 44  -86 1.2e+26  6.64 040901A        
 2001/04/19  21:43:42.3  155.79  -7.56   16.0 319 28  113 1.1e+26  6.63 041901I        
 2001/04/28  04:49:53.4 -176.68 -18.07  367.4 106 16  161 2.1e+26  6.81 042801B        
 2001/05/25  00:40:50.6  148.61  44.18   32.0 230 22  113 1.3e+26  6.68 052501B        
 2001/06/03  02:41:57.2 -178.23 -29.37  199.3 227 41  138 6.1e+26  7.12 060301A        
 2001/06/23  20:33:14.1  -72.71 -17.28   29.6 310 18   63 4.7e+28  8.38 062301E        
 2001/06/26  04:18:31.4  -72.02 -17.87   24.0 314 19   75 1.4e+26  6.69 062601D        
 2001/07/05  13:53:48.4  -73.60 -16.07   69.1 118 22  -89 8.0e+25  6.53 070501K        
 2001/07/07  09:38:43.5  -72.45 -17.45   25.0 306 14   52 3.2e+27  7.60 070701F        
 2001/07/28  07:32:43.0 -154.97  58.82  147.0  63 64   26 1.1e+26  6.61 072801A        
 2001/08/06  03:52:59.5 -123.05 -55.67   15.0 104 45  -83 1.4e+26  6.70 080601B        
 2001/08/21  06:52:06.2 -179.08 -36.70   59.0  55 42  116 5.2e+26  7.07 082101B        
 2001/10/12  15:02:16.8  145.08  12.88   42.0 131 30   31 3.7e+26  6.98 101201E        
 2001/10/19  03:28:44.5  124.11  -4.31   18.8 358 77  176 1.9e+27  7.44 101901A        
 2001/10/21  00:29:21.5  179.82 -37.03   15.0  80 61  -12 1.1e+26  6.62 102101A        
 2001/10/31  09:10:20.0  150.33  -6.27   35.0 266 25   95 3.0e+26  6.91 103101C        
 2001/11/14  09:26:10.0   92.91  35.80   15.0  94 61  -12 5.9e+27  7.78 111401B        
 2001/12/12  14:02:35.0  124.67 -42.69   16.0 349 82    6 4.7e+26  7.05 121201C        
 2001/12/18  04:02:58.3  122.79  24.00   16.0 329 47 -135 2.1e+26  6.81 121801C        
 2001/12/23  22:52:54.3  159.50  -9.63   18.0 311 23   54 2.1e+26  6.81 122301F        
 2002/01/02  17:22:48.8  167.85 -17.78   40.0 299 18   22 7.7e+26  7.19 010202F        
 2002/01/03  10:17:36.3  167.82 -17.84   20.0 359 30   97 9.9e+25  6.59 010302H        
 2002/01/10  11:14:56.9  142.68  -3.21   18.0 105 33   33 1.4e+26  6.70 011002D        
 2002/02/05  13:27:24.7  151.39  -5.74   48.0 238 35   68 9.0e+25  6.57 020502B        
 2002/03/03  12:08:07.8   70.42  36.57  228.5 282 22   85 1.3e+27  7.33 030302C        
 2002/03/05  21:16:09.1  124.25   5.92   28.7 314 25   70 1.9e+27  7.46 030502H        
 2002/03/31  06:52:50.5  121.96  24.19   39.0 292 32  121 5.5e+26  7.09 033102A        
 2002/04/18  05:02:46.2 -101.22  16.79   15.0 291  9   89 1.5e+26  6.72 041802B        
 2002/04/18  16:08:36.8  -70.73 -27.44   53.0 253 56  168 8.6e+25  6.55 041802F        
 2002/04/26  16:06:07.0  144.67  13.15   69.1 172  3   11 4.3e+26  7.02 042602G        
 2002/06/13  01:27:19.5   99.65 -47.55   15.0  33 86  179 7.8e+25  6.52 061302A        
 2002/06/17  21:26:22.9  166.25 -12.49   44.0 163 38   81 1.4e+26  6.70 061702H        
 2002/06/28  17:19:30.3  130.45  43.74  581.5  27 13  105 1.1e+27  7.29 062802B        
 2002/08/14  13:57:52.1  146.43  13.98   38.0 325 28  168 7.1e+25  6.50 081402E        
 2002/08/19  11:01:01.2 -179.08 -21.74  630.9 149 22 -141 3.5e+27  7.62 081902A        
 2002/08/19  11:08:24.3  178.49 -24.16  699.3  50  3   83 4.3e+27  7.68 081902C        
 2002/09/08  18:44:23.7  143.38  -3.27   19.5 106 34   43 2.9e+27  7.58 090802H        
 2002/10/10  10:50:20.6  134.30  -1.79   15.0  60 83    4 2.6e+27  7.54 101002E        
 2002/10/12  20:09:11.5  -71.66  -8.30  539.4 353 40  -75 2.4e+26  6.85 101202H        
 2002/10/23  11:27:19.4 -148.13  63.58   15.8 262 89  179 1.1e+26  6.62 102302E        
 2002/11/02  01:26:10.7   95.99   2.65   23.0 297 16   73 9.0e+26  7.23 110202B        
 2002/11/03  22:12:41.0 -144.89  63.23   15.0 296 71  171 7.5e+27  7.85 110302J        
 2002/11/07  15:14:06.8  179.29  51.20   28.0 268 22  110 9.7e+25  6.59 110702B        
 2002/11/15  19:58:31.8  -35.51 -55.91   15.0 276 40   68 1.0e+26  6.61 111502B        
 2002/11/17  04:53:53.5  146.45  47.81  479.8 316  9   30 1.1e+27  7.28 111702C        
 2002/12/12  08:30:42.8  153.21  -4.81   45.0 325 43   42 1.0e+26  6.60 121202C        
 2003/01/10  13:11:56.9  153.61  -5.44   41.0 130 44   78 8.7e+25  6.56 011003C        
 2003/01/20  08:43:06.1  160.63 -10.43   31.0 178 57  140 9.3e+26  7.24 012003B        
 2003/01/22  02:06:34.6 -103.90  18.86   26.0 308 12  110 2.0e+27  7.47 012203A        
 2003/02/19  03:32:36.4 -164.53  53.41   28.0 248 20   96 1.0e+26  6.60 021903C        
 2003/03/11  07:27:32.7  153.08  -4.52   37.0 324 60   21 1.9e+26  6.78 031103A        
 2003/03/17  16:36:17.3  177.58  51.33   27.0 289 22  137 4.2e+26  7.01 031703E        
 2003/05/04  13:15:18.7 -177.73 -30.65   41.0 200 28   97 1.2e+26  6.65 050403A        
 2003/05/14  06:03:35.9  -58.72  18.29   40.0 115 67  155 9.9e+25  6.59 051403B        
 2003/05/21  18:44:20.1    3.58  36.93   15.0  57 44   71 2.0e+26  6.80 052103H        
 2003/05/26  09:24:33.4  141.57  38.94   61.0 352 19   70 3.9e+26  6.99 052603A        
 2003/05/26  19:23:27.9  128.88   2.61   34.0 326 36   60 3.1e+26  6.92 052603D        
 2003/05/26  23:13:29.7  123.85   6.90  579.7 227 24  -18 2.3e+26  6.83 052603E        
 2003/06/07  00:32:45.6  152.64  -5.33   30.0 256 19   96 8.4e+25  6.55 060703A        
 2003/06/16  22:08:02.1  160.25  55.48  180.9 123 32 -161 2.4e+26  6.85 061603C        
 2003/06/20  06:19:38.9  -71.89  -7.37  556.2 353 47  -65 4.4e+26  7.03 062003D        
 2003/06/20  13:30:41.6  -71.97 -30.88   35.0   1 27   93 1.8e+26  6.76 062003G        
 2003/06/23  12:12:34.5  176.60  51.55   28.8 298 25  142 2.6e+26  6.87 062303A        
 2003/07/15  20:27:50.5   69.47  -1.42   15.0 307 69    1 2.5e+27  7.53 071503F        
 2003/07/27  02:04:11.5 -176.12 -21.09  215.6 294 22   -3 9.1e+25  6.57 072703A        
 2003/07/27  06:25:32.0  139.23  46.99  477.2  61 44  158 1.5e+26  6.71 072703C        
 2003/08/04  04:37:20.1  -43.21 -60.80   15.0 101 36  -23 2.7e+27  7.55 080403C        
 2003/08/21  12:12:49.8  166.87 -45.01   31.8  35 23   95 7.5e+26  7.18 082103D        
 2003/09/21  18:16:13.4   95.72  19.86   15.8   8 71  172 8.5e+25  6.55 092103B        
 2003/09/25  19:50:06.4  143.84  42.21   28.2 250 11  132 3.1e+28  8.25 092503C        
 2003/09/25  21:08:00.0  143.62  41.75   47.3 208 18   86 1.3e+27  7.34 092503K        
 2003/09/27  11:33:25.1   87.86  50.02   15.0 228 70   20 9.4e+26  7.24 092703F        
 2003/10/01  01:03:25.2   87.59  50.24   15.0 221 67    5 1.1e+26  6.63 100103B        
 2003/10/08  09:06:55.3  144.82  42.48   36.0 248 19  124 1.2e+26  6.65 100803A        
 2003/10/31  01:06:28.3  142.68  37.89   15.0 196  9   80 3.5e+26  6.96 103103A        
 2003/11/06  10:38:04.3  168.82 -19.41  114.3 306 26   46 8.6e+25  6.55 110603C        
 2003/11/09  19:52:36.8  -19.26  -0.27   15.0  79 77  178 9.3e+25  6.58 110903F        
 2003/11/17  06:43:06.8  177.86  51.14   21.7 280 19  122 5.3e+27  7.75 111703B        
 2003/11/25  20:19:46.3  151.02  -5.92   43.0 250 30   82 7.9e+25  6.53 112503E        
 2003/12/05  21:26:09.5  165.53  55.68   18.0  95 54  147 1.1e+26  6.64 120503F        
 2003/12/10  04:38:11.6  121.43  22.94   25.0 221 44  113 2.0e+26  6.80 121003B        
 2003/12/21  07:40:45.8  -20.13  -0.39   15.0  81 83  180 7.8e+25  6.53 122103B        
 2003/12/22  19:15:56.0 -121.15  35.75   15.0 296 32   88 8.5e+25  6.55 122203C        
 2003/12/26  01:56:52.4   58.24  29.10   15.0 172 59  167 9.3e+25  6.58 122603B        
 2003/12/26  21:26:04.1  169.39 -22.33   15.0 131 41  -95 1.6e+26  6.74 122603I        
 2003/12/27  16:00:59.5  169.81 -21.99   23.0 324 29   95 9.5e+26  7.25 122703G        
 2003/12/27  22:38:01.9  169.75 -21.71   24.0 319 31   79 1.4e+26  6.70 122703K        
 2004/01/03  16:23:21.0  169.72 -22.41   15.0 314 39  -77 5.9e+26  7.11 010304J        
 2004/01/25  11:43:11.9 -173.79 -16.75  143.4 262 40  148 1.1e+26  6.64 012504B        
 2004/01/28  22:15:30.7  127.30  -3.11   16.8  98 46   -9 1.1e+26  6.62 012804H        
 2004/02/05  21:05:02.8  135.53  -3.62   13.0  44 43  -10 3.4e+26  6.95 020504B        
 2004/02/07  02:42:35.2  134.78  -4.03   12.0 261 68   -7 9.8e+26  7.26 020704A        
 2004/02/08  08:58:51.8  135.40  -3.72   12.0  43 55  -16 1.2e+26  6.65 020804C        
 2004/02/21  02:34:42.7  -14.90 -58.62   17.3 352 76 -179 9.5e+25  6.58 022104A        
 2004/04/23  01:50:30.2  123.01  -9.69   52.3 140 25  -24 1.1e+26  6.64 042304A        
 2004/05/03  04:36:50.0  -73.75 -37.95   24.0   0 16  118 1.0e+26  6.61 050304A        
 2004/06/10  15:19:57.8  160.32  55.79  190.1 173  9 -126 2.3e+26  6.84 061004H        
 2004/06/28  09:49:47.0 -134.46  55.02   12.0 333 51  179 1.9e+26  6.78 062804C        
 2004/07/15  04:27:14.7 -178.52 -17.68  577.2 345 44  137 4.8e+26  7.05 071504C        
 2004/07/25  14:35:19.1  104.38  -2.68  600.5 108 45 -129 1.0e+27  7.27 072504B        
 2004/08/28  13:41:27.9  -70.36 -35.21   16.0  21 61 -178 7.2e+25  6.50 082804C        
 2004/09/05  10:07:07.8  137.00  32.94   16.0 277 38  100 7.8e+26  7.19 090504A        
 2004/09/05  14:57:18.6  137.22  33.13   12.0  79 46   72 1.5e+27  7.37 090504D        
 2004/09/06  12:42:59.4  -28.79 -55.43   12.0  95 20   47 1.7e+26  6.74 090604C        
 2004/09/06  23:29:35.1  137.28  33.14   12.0  81 42   82 9.8e+25  6.59 090604M        
 2004/10/08  08:27:53.5  162.27 -10.87   40.0 108 51   23 1.6e+26  6.74 100804B        
 2004/10/09  21:26:53.7  -87.02  11.25   39.0 311 26   98 3.0e+26  6.92 100904E        
 2004/10/15  04:08:50.2  122.74  24.48  102.1 200 17    6 8.7e+25  6.56 101504A        
 2004/10/23  08:56:00.9  138.83  37.31   13.0  23 34   81 8.6e+25  6.55 102304D        
 2004/11/02  10:02:12.8 -129.13  49.17   19.0 312 83 -176 8.6e+25  6.55 110204F        
 2004/11/09  23:58:23.6  163.70 -11.35   12.0 191 48 -145 2.8e+26  6.89 110904F        
 2004/11/11  17:34:52.0  162.17 -11.20   12.0 275 28   41 1.0e+26  6.60 111104I        
 2004/11/11  21:26:41.2  125.12  -7.87   17.0  67 27   72 2.1e+27  7.48 111104M        
 2004/11/15  09:06:56.6  -77.57   4.72   16.0  21 11  114 7.6e+26  7.18 111504C        
 2004/11/17  21:09:13.1 -178.40 -19.87  629.4  77  8  117 7.2e+25  6.50 111704G        
 2004/11/22  20:26:23.9  164.91 -46.36   40.0  43 36  103 5.6e+26  7.09 112204C        
 2004/11/26  02:25:03.3  135.54  -3.55   12.0   5 34    0 5.5e+26  7.09 112604A        
 2004/11/28  02:35:13.4 -114.00 -26.82   12.0 105 71 -178 9.0e+25  6.57 112804B        
 2004/11/28  18:32:14.1  145.36  42.88   47.0 242 26  122 3.7e+26  6.97 112804I        
 2004/12/06  14:15:11.9  145.41  42.82   36.0 246 24  125 1.6e+26  6.73 120604A        
 2004/12/14  23:20:13.4  -81.52  19.05   12.0 258 84   -2 1.8e+26  6.76 121404B        
 2004/12/23  14:59:04.4  161.25 -49.91   27.5  69 74  167 1.6e+28  8.07 122304A        
 2004/12/26  00:58:50.0   94.26   3.09   28.6 329  8  110 4.0e+29  8.99 122604A        
 2004/12/26  04:21:29.8   92.79   6.61   13.6 351 27  121 7.2e+26  7.17 122604B        
 2004/12/26  09:20:01.6   92.45   8.58   12.0 333 38   82 9.8e+25  6.59 122604C        
 2005/01/01  06:25:44.8   92.22   4.97   12.0 111 68 -173 1.2e+26  6.65 200501010625A  
 2005/01/12  08:40:03.7  -20.53  -0.47   12.0 261 85  180 1.9e+26  6.78 200501120840A  
 2005/01/16  20:17:52.8  140.86  10.88   12.0 113 30  -70 9.6e+25  6.58 200501162017A  
 2005/01/19  06:11:36.4  141.95  34.01   15.0 181 22   98 8.1e+25  6.54 200501190611A  
 2005/02/05  03:34:25.7  146.19  15.88  132.0 266 46 -144 9.4e+25  6.58 200502050334A  
 2005/02/05  12:23:18.9  123.67   5.47  530.6 158 14 -114 5.2e+26  7.08 200502051223A  
 2005/02/08  14:48:22.0  167.13 -14.18  197.1 181 43  110 1.3e+26  6.67 200502081448A  
 2005/02/16  20:27:52.5  -16.00 -35.39   13.0 346 85  178 1.0e+26  6.60 200502162027A  
 2005/02/26  12:56:52.6   95.40   2.80   12.0 294  6   66 1.4e+26  6.70 200502261256A  
 2005/03/02  10:42:12.2  129.99  -6.54  196.1 308 35  176 5.7e+26  7.10 200503021042A  
 2005/03/20  01:53:41.8  130.15  33.72   12.0  32 76 -178 9.2e+25  6.57 200503200153A  
 2005/03/21  12:23:54.1  -63.54 -24.88  572.3  64 18   -8 2.3e+26  6.84 200503211223A  
 2005/03/28  16:09:36.5   97.07   1.67   25.8 333  8  118 1.0e+29  8.61 200503281609A  
 2005/04/10  10:29:11.3   99.54  -1.68   12.0 142 34   89 1.3e+26  6.68 200504101029A  
 2005/04/11  12:20:06.0  146.18  -3.33   14.0 267 78   -2 1.1e+26  6.62 200504111220A  
 2005/04/11  17:08:53.9  170.50 -22.01   78.3 351 37 -150 1.5e+26  6.71 200504111708A  
 2005/05/14  05:05:18.5   98.24   0.42   39.0 326 22   88 1.5e+26  6.72 200505140505A  
 2005/05/19  01:54:52.8   96.74   1.88   12.0 290  8   65 2.4e+26  6.85 200505190154A  
 2005/06/13  22:44:33.9  -69.23 -20.02   94.5 182 23  -81 5.3e+27  7.75 200506132244A  
 2005/06/14  17:10:16.6  179.52  51.15   18.0 268 20  115 1.8e+26  6.76 200506141710A  
 2005/06/15  02:50:53.2 -126.42  41.15   20.4 317 83  175 8.3e+26  7.21 200506150250A  
 2005/06/17  06:21:42.3 -126.76  40.64   16.2 292 82 -179 1.1e+26  6.64 200506170621A  
 2005/07/02  02:16:43.7  -86.70  11.06   28.0 311 22   96 1.0e+26  6.60 200507020216A  
 2005/07/05  01:52:03.0   96.93   1.56   16.0 329  8  107 1.2e+26  6.64 200507050152A  
 2005/07/24  15:42:06.2   91.88   7.92   12.0  29 68   -2 8.9e+26  7.23 200507241542A  
 2005/08/16  02:46:28.4  142.05  38.24   37.0 194 16   81 7.6e+26  7.19 200508160246A  
 2005/09/09  07:26:43.7  153.95  -5.20   83.6 140 30   91 3.7e+27  7.64 200509090726A  
 2005/09/26  01:55:37.7  -76.20  -5.60  108.1 347 39  -92 2.2e+27  7.49 200509260155A  
 2005/09/29  15:50:24.0  152.08  -5.69   30.0 247 24   97 1.0e+26  6.61 200509291550A  
 2005/10/08  03:50:40.8   73.47  34.38   12.0 334 40  123 2.9e+27  7.58 200510080350A  
 2005/11/14  21:38:51.4  144.97  38.22   18.0 181 43 -104 3.7e+26  6.98 200511142138A  
 2005/11/17  19:26:56.4  -68.13 -22.46  155.3 126 26 -149 1.9e+26  6.78 200511171926A  
 2005/12/05  12:19:56.6   29.60  -6.23   18.0 149 50 -122 1.8e+26  6.77 200512051219A  
 2005/12/11  14:20:43.8  152.36  -6.73   12.0  71 44 -101 9.8e+25  6.59 200512111420A  
 2005/12/12  21:47:46.1   71.06  36.45  210.2 279 40  106 8.2e+25  6.54 200512122147A  
 2005/12/13  03:16:06.4 -178.43 -15.04   15.0 271 86    2 1.3e+26  6.66 200512130316A  
 2006/01/02  06:10:49.2  -21.39 -61.12   20.2 358 77 -168 1.4e+27  7.36 200601020610A  
 2006/01/02  22:13:40.5 -177.72 -19.80  589.5 281 22  -40 6.9e+26  7.16 200601022213A  
 2006/01/04  08:32:32.4 -112.51  28.38   15.0 129 88  178 9.6e+25  6.59 200601040832A  
 2006/01/08  11:34:55.6   23.29  35.93   64.0 201 44   55 1.5e+26  6.72 200601081134A  
 2006/01/27  16:58:53.7  128.20  -5.61  397.4  43 42  -44 3.5e+27  7.63 200601271658A  
 2006/02/02  12:48:43.4 -178.13 -17.77  611.6 244 37  -39 1.5e+26  6.71 200602021248A  
 2006/02/22  22:19:07.8   33.33 -21.20   12.0 325 27 -114 4.2e+26  7.01 200602222219A  
 2006/03/14  06:57:33.9  127.31  -3.35   13.0 284 69   11 1.5e+26  6.71 200603140657A  
 2006/03/31  13:21:00.4 -176.41 -29.49   12.0 205 20  101 7.9e+25  6.53 200603311321A  
 2006/04/20  23:25:02.2  167.05  60.89   12.0 207 40   76 3.0e+27  7.58 200604202325A  
 2006/04/29  16:58:06.3  167.60  60.51   12.0 239 44  127 9.4e+25  6.58 200604291658A  
 2006/04/30  19:17:17.2  -71.52 -27.17   15.4  11 14  106 1.0e+26  6.60 200604301917A  
 2006/05/03  15:26:40.3 -173.47 -20.39   67.8 226 22  123 1.1e+28  7.96 200605031527A  
 2006/05/16  10:39:23.3 -178.91 -31.41  151.1 129 19   58 1.8e+27  7.43 200605161039A  
 2006/05/16  15:28:25.9   96.98   0.01   13.5  92 60 -171 2.1e+26  6.81 200605161528A  
 2006/05/22  11:12:00.4  165.81  60.86   12.0 253 86   -3 1.0e+26  6.61 200605221112A  
 2006/07/08  20:40:01.0 -179.12  51.04   28.0 270 23  119 1.0e+26  6.60 200607082039A  
 2006/07/17  08:19:28.8  107.78 -10.28   20.0 290 10  102 4.6e+27  7.71 200607170819A  
 2006/08/07  22:18:54.0  167.63 -15.76  157.7 275 43  -34 2.0e+26  6.80 200608072218A  
 2006/08/20  03:41:47.5  -34.52 -61.27   17.2   4 82 -176 3.7e+26  6.98 200608200341A  
 2006/08/25  00:44:46.2  -67.18 -24.44  185.8 194 36  -48 9.0e+25  6.57 200608250044A  
 2006/09/01  10:18:51.6  155.42  -7.01   45.6 301 42   78 1.6e+26  6.74 200609011018A  
 2006/09/28  06:22:09.7 -171.66 -16.63   15.5   6 40 -100 2.7e+26  6.88 200609280622A  
 2006/09/30  17:50:23.0  153.45  46.29   12.8 231 28  106 8.8e+25  6.56 200609301750A  
 2006/10/01  09:06:02.3  153.64  46.38   12.8 224 29  100 8.3e+25  6.54 200610010906A  
 2006/10/15  17:07:49.2 -155.94  19.83   48.0  88 45 -146 1.5e+26  6.70 200610151707A  
 2006/10/17  01:25:12.2  151.26  -6.09   31.5  43 36  105 1.4e+26  6.69 200610170125A  
 2006/10/20  10:48:56.0  -76.98 -13.46   22.5 327 16   73 1.4e+26  6.69 200610201048A  
 2006/11/07  17:38:33.6  151.58  -6.57   12.0 240 35  -85 8.5e+25  6.55 200611071738A  
 2006/11/13  01:26:34.2  -63.47 -26.10  573.4 344  7  -87 2.3e+26  6.83 200611130126A  
 2006/11/15  11:14:17.8  154.33  46.71   13.5 215 15   92 3.5e+28  8.29 200611151114A  
 2006/11/15  11:40:55.1  154.83  46.47   23.3  54 45  -76 1.4e+26  6.68 200611151140A  
 2006/12/26  12:26:21.1  120.52  21.81   19.6 165 30  -76 3.8e+26  6.98 200612261226A  
 2006/12/26  12:34:13.8  120.40  22.02   32.8 151 48    0 2.9e+26  6.90 200612261234A  
 2006/12/30  08:30:49.8   51.44  13.67   16.0 117 80    3 1.1e+26  6.61 200612300830A  
 2007/01/13  04:23:21.2  154.80  46.17   12.0 266 39  -54 1.8e+28  8.10 200701130423A  
 2007/01/21  11:27:45.1  126.21   1.10   22.2  34 35  108 2.0e+27  7.46 200701211127A  
 2007/01/30  04:54:50.6  146.26 -55.12   13.0 171 77   -2 2.4e+26  6.85 200701300454A  
 2007/01/30  21:37:45.8  145.10  20.99   22.5 128 37  -24 9.2e+25  6.57 200701302137A  
 2007/01/31  03:15:52.3 -177.40 -29.54   56.1 192 33   89 7.1e+25  6.50 200701310315A  
 2007/02/20  08:04:25.1  127.17  -0.91   12.1 276 49  -20 1.5e+26  6.71 200702200804A  
 2007/03/25  00:40:01.6  169.12 -20.60   41.2 333 36   89 6.2e+26  7.13 200703250040A  
 2007/03/25  00:41:57.8  136.61  37.28   12.0  34 40  108 1.3e+26  6.67 200703250041A  
 2007/03/25  01:08:19.0  168.99 -20.89   31.3 331 31   83 2.7e+26  6.89 200703250108A  
 2007/04/01  20:39:56.4  156.34  -7.79   14.1 333 37  121 1.6e+28  8.06 200704012039A  
 2007/04/01  21:11:33.2  155.80  -7.46   29.6 291 40   49 2.6e+26  6.87 200704012111A  
 2007/06/13  19:29:40.2  -91.22  13.43   31.6 286 31   75 1.3e+26  6.67 200706131929A  
 2007/06/28  02:52:09.6  154.70  -7.95   18.0  40 60  179 1.3e+26  6.68 200706280252A  
 2007/07/16  01:13:22.4  138.47  37.50   12.0  37 30   83 1.1e+26  6.62 200707160113A  
 2007/07/16  14:17:37.3  135.03  36.84  374.9 290 46  -10 2.1e+26  6.81 200707161417A  
 2007/07/26  05:40:16.1  127.47   2.95   41.9  16 37   72 3.2e+26  6.93 200707260540A  
 2007/08/01  17:08:51.4  167.41 -15.41  126.0 356 29   79 7.4e+26  7.18 200708011708A  
 2007/08/02  03:21:42.8 -179.73  51.10   31.9 271 27  123 1.6e+26  6.73 200708020321A  
 2007/08/08  17:04:57.8  107.58  -6.03  304.8 330 30  155 2.6e+27  7.53 200708081704A  
 2007/08/15  23:40:57.9  -77.04 -13.73   33.8 321 28   63 1.1e+28  7.96 200708152340A  
 2007/08/20  22:42:29.2  -39.17   8.19   12.0 270 77  176 8.2e+25  6.54 200708202242A  
 2007/09/02  01:05:18.1  165.68 -11.74   18.3 338 23  101 9.0e+26  7.23 200709020105A  
 2007/09/10  01:49:14.2  -78.12   3.08   18.9  54 23  -95 1.7e+26  6.74 200709100149A  
 2007/09/12  11:10:26.8  100.99  -3.78   24.4 328  9  114 6.7e+28  8.48 200709121110A  
 2007/09/12  23:49:03.7  100.13  -2.46   43.1 317 19  102 8.1e+27  7.87 200709122348A  
 2007/09/13  02:30:03.3   99.54  -1.94   34.8 286 35   79 8.1e+25  6.54 200709130230A  
 2007/09/13  03:35:28.7   99.39  -2.31   17.0 312 10   90 4.7e+26  7.05 200709130335A  
 2007/09/20  08:31:14.5   99.85  -2.24   32.3 313 19   99 1.3e+26  6.68 200709200831A  
 2007/09/26  12:36:26.9  153.52  -5.20   47.1 138 44   86 1.7e+26  6.74 200709261236A  
 2007/09/28  13:38:59.5  143.07  21.94  275.8  73 49   50 2.0e+27  7.46 200709281338A  
 2007/09/30  02:08:30.2  145.68  10.51   14.2  16 76  167 3.3e+26  6.94 200709300208A  
 2007/09/30  05:23:34.1  164.10 -49.26   12.6  29 36  123 1.6e+27  7.40 200709300523A  
 2007/09/30  09:47:52.0  164.01 -49.36   31.2  23 50  146 1.0e+26  6.60 200709300947A  
 2007/10/15  12:29:36.0  167.24 -44.71   18.8  54 30  132 2.0e+26  6.79 200710151229A  
 2007/10/16  21:05:43.3  179.72 -25.70  512.4 100 38  164 9.8e+25  6.59 200710162105A  
 2007/10/24  21:02:50.5  100.81  -4.40   20.0 321 12  107 2.3e+26  6.84 200710242102A  
 2007/10/31  03:30:17.7  145.59  18.83  211.0 196 60  152 9.3e+26  7.24 200710310330A  
 2007/11/10  01:13:29.4  161.23 -51.38   28.2 216 76  172 8.8e+25  6.56 200711100113A  
 2007/11/14  15:40:50.5  -70.62 -22.64   37.6 358 20   98 4.8e+27  7.72 200711141540A  
 2007/11/15  15:05:58.3  -70.94 -22.98   20.7 360 16   98 2.0e+26  6.80 200711151506A  
 2007/11/16  03:13:00.1  -78.00  -2.50  114.3 177 29  -44 1.8e+26  6.77 200711160312A  
 2007/11/22  08:48:27.5  147.05  -5.96   56.4 102 43   86 1.7e+26  6.75 200711220848A  
 2007/11/27  11:49:58.0  162.20 -11.13   26.1 271 34   28 8.7e+25  6.56 200711271150A  
 2007/11/29  19:00:19.6  -61.41  15.06  147.9 109 58  -32 1.6e+27  7.39 200711291900A  
 2007/12/09  07:28:20.8 -177.22 -25.75  149.9  34 25   38 7.1e+27  7.83 200712090728A  
 2007/12/16  08:09:17.9  -70.41 -23.02   30.6 246  6  159 1.5e+26  6.71 200712160809A  
 2007/12/19  09:30:27.3 -179.27  51.02   27.6 274 21  118 7.2e+26  7.17 200712190930A  
 2007/12/20  07:55:15.8  178.40 -38.92   30.4  72 46  -63 9.0e+25  6.57 200712200755A  
 2008/01/05  11:01:05.3 -131.24  51.11   12.0 327 80 -173 9.6e+25  6.59 200801051101A  
 2008/01/15  17:52:15.7 -179.34 -22.05  603.3 104 20  168 7.3e+25  6.51 200801151752A  
 2008/02/08  09:38:14.1  -41.71  10.85   16.8 274 78 -180 3.2e+26  6.93 200802080938A  
 2008/02/10  12:22:02.7  -25.01 -61.05   12.0  61 42 -101 8.3e+25  6.54 200802101222A  
 2008/02/14  10:09:22.7   21.79  36.24   20.0 332  6  120 2.4e+26  6.85 200802141009A  
 2008/02/14  12:08:55.8   21.67  36.29   15.0 337  5  127 8.1e+25  6.54 200802141208A  
 2008/02/20  08:08:30.5   95.98   2.69   14.9 299 11   80 1.1e+27  7.30 200802200808A  
 2008/02/23  15:57:19.8  -23.13 -57.12   12.0  25 53  -29 1.7e+26  6.74 200802231557A  
 2008/02/25  08:36:33.0   99.95  -2.66   14.4 317  6  102 7.8e+26  7.19 200802250836A  
 2008/02/25  18:06:03.9   99.73  -2.58   15.0 318  6  103 1.0e+26  6.60 200802251806A  
 2008/02/25  21:02:18.4   99.70  -2.46   17.0 320  8  106 1.5e+26  6.71 200802252102A  
 2008/03/03  14:11:14.6  125.59  13.52   17.9 290 44 -115 2.6e+26  6.87 200803031411A  
 2008/03/20  22:32:57.9   81.37  35.43   12.0 358 41 -110 5.4e+26  7.09 200803202233A  
 2008/04/09  12:46:12.7  168.80 -20.12   35.2 340 30  101 1.1e+27  7.30 200804091246A  
 2008/04/12  00:30:12.6  158.49 -55.56   22.0   3 43  102 5.5e+26  7.09 200804120030A  
 2008/04/16  05:54:19.7 -179.17  51.81   12.0  69 74  176 9.8e+25  6.59 200804160554A  
 2008/05/02  01:33:37.2 -177.54  51.96   12.0  79 74  176 9.7e+25  6.59 200805020133A  
 2008/05/07  16:45:20.3  141.61  36.18   26.3 204 15   91 2.4e+26  6.85 200805071645A  
 2008/05/09  21:51:29.7  143.28  12.36   83.3 325 59 -147 1.7e+26  6.74 200805092151A  
 2008/05/12  06:28:01.6  104.10  31.44   12.8 231 35  138 9.0e+27  7.90 200805120628A  
 2008/06/13  23:43:45.4  140.85  39.03   12.0  17 42   87 2.6e+26  6.87 200806132343A  
 2008/06/27  11:40:14.0   91.82  10.92   17.1  42 52  -40 8.8e+25  6.56 200806271140A  
 2008/06/30  06:17:44.9  -21.77 -58.33   26.0 143 83 -179 3.4e+26  6.95 200806300617A  
 2008/07/05  02:12:04.5  153.37  54.12  610.8 143 48 -134 4.5e+27  7.70 200807050212A  
 2008/07/19  02:39:28.7  142.42  37.47   21.8 200 16   88 2.9e+26  6.91 200807190239A  
 2008/07/19  09:27:01.5  164.47 -11.12   13.5  52 45  -72 9.1e+25  6.57 200807190927A  
 2008/07/23  15:26:20.0  141.51  39.73   98.8  14 18  -75 1.9e+26  6.79 200807231526A  
 2008/08/25  13:21:58.8   83.51  30.61   17.3  30 48  -48 1.4e+26  6.69 200808251322A  
 2008/09/08  18:52:07.0  166.75 -13.37  125.0   0 39   87 3.1e+26  6.92 200809081852A  
 2008/09/10  13:08:14.9  -38.54   8.18   15.3 273 76 -179 1.0e+26  6.61 200809101308A  
 2008/09/11  00:00:02.7  127.34   1.91  119.6 338 29   20 9.4e+25  6.58 200809110000A  
 2008/09/11  00:20:50.9  144.11  41.79   20.0 235 15  116 1.8e+26  6.76 200809110020A  
 2008/09/29  15:19:31.6 -177.46 -29.85   51.1 197 32   92 4.5e+26  7.03 200809291519A  
 2008/10/05  15:52:49.4   73.64  39.50   12.0 246 38   78 1.4e+26  6.69 200810051552A  
 2008/10/16  19:41:25.7  -92.90  14.28   29.9 289 26   74 1.2e+26  6.65 200810161941A  
 2008/10/19  05:10:33.9 -173.56 -21.82   43.3 189 44   81 2.9e+26  6.90 200810190510A  
 2008/11/16  17:02:32.7  122.05   1.50   29.2  92 20   84 1.3e+27  7.34 200811161702A  
 2008/11/24  09:02:58.8  154.71  54.27  502.3 276 19  -29 1.1e+27  7.29 200811240902A  
 2008/12/09  06:23:59.8 -176.54 -31.03   18.8 174 38 -104 1.5e+26  6.71 200812090624A  
 2009/01/03  19:43:50.7  132.83  -0.38   15.2  99 23   47 3.9e+27  7.66 200901031943A  
 2009/01/03  20:23:20.2   70.36  36.44  205.6 264 28   77 9.2e+25  6.57 200901032023A  
 2009/01/03  22:33:40.3  133.48  -0.58   18.2 101 26   72 1.4e+27  7.36 200901032233A  
 2009/01/15  07:27:20.3  170.46 -22.58   27.1 303 29   98 9.6e+25  6.59 200901150727A  
 2009/01/15  17:49:39.1  155.39  46.97   45.2  11 44   84 1.5e+27  7.38 200901151749A  
 2009/01/19  03:35:18.8  170.72 -22.76   18.9 293 30   95 8.6e+25  6.55 200901190335A  
 2009/02/11  17:34:50.8  126.81   3.92   23.9 177 38   83 5.9e+26  7.11 200902111734A  
 2009/02/18  21:53:45.2 -175.90 -27.27   36.5 274 38  179 3.5e+26  6.96 200902182153A  
 2009/03/19  18:17:40.9 -174.23 -23.08   49.1 205 44   98 3.4e+27  7.62 200903191817A  
 2009/04/07  04:23:33.2  151.99  46.00   43.2 231 31  110 2.5e+26  6.87 200904070423A  
 2009/04/16  14:57:06.2  -26.55 -60.71   24.0 226 33  113 1.3e+26  6.68 200904161457A  
 2009/04/18  19:17:58.9  151.74  45.96   50.4 231 33  109 1.0e+26  6.60 200904181917A  
 2009/05/16  00:53:52.7 -178.12 -31.56   47.7 199 32   95 7.2e+25  6.50 200905160053A  
 2009/05/28  08:24:45.1  -87.17  16.50   12.0  63 60   -7 1.3e+27  7.34 200905280824A  
 2009/06/23  14:19:22.4  153.74  -5.22   70.2 139 34   85 1.5e+26  6.72 200906231419A  
 2009/07/15  09:22:29.0  166.26 -45.85   23.5  25 26  138 5.8e+27  7.77 200907150922A  
 2009/08/03  17:59:56.2 -113.53  29.22   12.2 131 87  178 2.5e+26  6.87 200908031800A  
 2009/08/09  10:55:55.6  138.19  33.05  301.8  86 17  168 4.9e+26  7.06 200908091055A  
 2009/08/10  04:06:31.0  165.93 -11.60   43.6 164 44   89 8.4e+25  6.54 200908100406A  
 2009/08/10  19:55:35.6   92.94  14.16   22.0  39 36  -92 1.9e+27  7.46 200908101955A  
 2009/08/12  22:48:51.4  140.68  32.74   55.2  55 18  130 9.4e+25  6.58 200908122248A  
 2009/08/16  07:38:21.7   99.45  -1.56   12.0 161 31   92 1.2e+26  6.65 200908160738A  
 2009/08/17  00:05:49.0  123.57  23.29   24.3 134 76    8 1.2e+26  6.65 200908170005A  
 2009/08/28  01:51:20.4  123.46  -7.09  634.4 263 34 -138 2.7e+26  6.89 200908280151A  
 2009/08/30  14:51:32.9 -172.28 -15.12   18.3 116 41  -97 1.0e+26  6.60 200908301451A  
 2009/09/02  07:55:01.0  107.33  -8.12   53.2  54 46  117 3.6e+26  6.97 200909020755A  
 2009/09/29  17:48:11.0 -171.97 -15.13   12.0 119 38 -131 1.7e+28  8.08 200909291748A  
 2009/09/30  10:16:09.2   99.67  -0.79   77.8  74 52  139 2.7e+27  7.55 200909301016A  
 2009/10/01  01:52:27.3  101.59  -2.45   15.1 323 70 -178 9.8e+25  6.59 200910010152A  
 2009/10/04  10:58:00.2  123.56   6.77  625.8  27  4   74 1.1e+26  6.62 200910041058A  
 2009/10/07  21:41:13.3  122.51   4.11  579.5 179 10 -112 1.8e+26  6.76 200910072141A  
 2009/10/07  22:03:14.5  166.27 -12.59   44.2 344 41   87 3.3e+27  7.61 200910072203A  
 2009/10/07  22:18:51.2  166.01 -11.86   41.7 337 36   82 6.7e+27  7.81 200910072218A  
 2009/10/07  22:50:15.8  165.89 -12.59   17.8 344 27   88 2.0e+26  6.80 200910072250A  
 2009/10/07  23:13:48.2  166.37 -13.12   42.5 341 43   83 1.6e+27  7.41 200910072313A  
 2009/10/08  08:28:48.0  166.09 -13.14   13.8 349 27  101 1.6e+26  6.73 200910080828A  
 2009/10/24  14:40:43.7  130.57  -6.10  154.6 315 46  166 3.0e+26  6.91 200910241440A  
 2009/10/30  07:03:39.1  130.22  28.97   37.9 207 29   78 1.8e+26  6.77 200910300703A  
 2009/11/08  19:41:43.4  118.72  -8.23   21.3  90 25  108 1.1e+26  6.62 200911081941A  
 2009/11/09  10:44:54.8  178.53 -17.11  603.9 172 42   33 1.0e+27  7.26 200911091044A  
 2009/11/13  03:05:57.2  -71.01 -19.60   36.2 342 24   92 7.6e+25  6.52 200911130306A  
 2009/11/17  15:30:45.4 -131.67  51.93   15.6 260 74   -7 9.2e+25  6.57 200911171530A  
 2009/11/24  12:47:15.7 -173.55 -20.85   25.9  99 47   -3 1.6e+26  6.74 200911241247A  
