 DATE       TIME          LONG   LAT   DEPTH STK DP  RKE Mom      Mw   CMTNAME
 2000/01/08  16:47:20.6 -173.81 -16.84  162.4  79  8  -13 6.9e+26  7.16 010800G        
 2000/01/28  14:21:07.3  146.81  43.08   50.0 163 38   15 2.0e+26  6.79 012800B        
 2000/02/06  11:33:52.3  151.19  -6.06   45.0 232 23   80 9.4e+25  6.58 020600C        
 2000/02/25  01:43:58.6  174.17 -19.55   16.8 315 74  169 5.1e+26  7.07 022500B        
 2000/03/03  22:22:40.7  143.85  -6.92   16.0 315 36  105 8.5e+25  6.55 030300D        
 2000/03/28  11:00:22.5  143.76  22.32   99.7 255  6 -127 3.2e+27  7.60 032800C        
 2000/04/23  09:27:23.3  -63.04 -28.41  607.9 290  5 -150 3.1e+26  6.92 042300B        
 2000/05/04  04:21:16.2  123.59  -1.29   18.6 225 64  172 2.4e+27  7.52 050400A        
 2000/05/12  18:43:18.1  -66.85 -23.72  226.6 214 12  -62 6.6e+26  7.14 051200C        
 2000/06/04  16:28:26.2  101.94  -4.73   43.9  92 55  152 7.5e+27  7.85 060400D        
 2000/06/07  23:45:26.7  101.82  -4.63   16.6 358 34   78 1.3e+26  6.67 060700D        
 2000/06/11  11:55:12.3  139.38 -50.80   15.0 181 76   -1 7.9e+25  6.53 061100C        
 2000/06/18  14:44:13.3   97.17 -13.47   15.0 161 63   -5 7.9e+27  7.86 061800A        
 2000/07/16  03:57:45.6  150.96  -7.54   15.0 276 43  -62 9.4e+25  6.58 071600B        
 2000/08/03  01:09:39.0  166.17 -11.93   51.4 169 40   87 8.9e+25  6.56 080300A        
 2000/08/04  21:13:02.7  142.03  48.77   15.0 328 36   60 1.9e+26  6.79 080400G        
 2000/08/06  07:27:12.9  139.68  28.89  411.3 108 27 -142 1.2e+27  7.31 080600B        
 2000/08/09  11:41:47.9 -102.39  18.13   33.0 291 43   91 7.1e+25  6.50 080900C        
 2000/08/15  04:30:08.8 -179.95 -31.42  367.4 135 35 -152 9.1e+25  6.57 081500C        
 2000/08/28  15:05:47.9  127.59  -4.18   15.0 292 31  116 1.7e+26  6.76 082800E        
 2000/10/04  16:58:44.3  166.77 -15.51   15.0 341 44   94 3.0e+26  6.92 100400G        
 2000/10/06  04:30:19.1  133.20  35.33   15.0 331 83    1 1.2e+26  6.65 100600A        
 2000/10/25  09:32:24.0  105.43  -7.28   45.6 299 27  102 1.7e+26  6.75 102500D        
 2000/10/29  08:37:08.8  153.95  -5.21   92.1 142 27   90 3.0e+26  6.92 102900C        
 2000/11/07  00:18:04.9  -29.24 -55.34   16.0 113 24  103 1.6e+26  6.74 110700A        
 2000/11/16  04:54:56.7  152.79  -4.56   24.0 328 43    3 1.2e+28  7.99 111600B        
 2000/11/16  07:42:16.9  153.17  -5.03   31.2 253 15   93 6.5e+27  7.80 111600C        
 2000/11/17  21:01:56.5  152.34  -5.26   17.0 230 24   64 5.6e+27  7.76 111700Q        
 2000/11/18  02:05:48.8  153.52  -5.24   19.0 160 51   44 1.0e+26  6.60 111800F        
 2000/11/18  06:54:58.3  151.85  -5.43   50.0 243 37   75 1.6e+26  6.73 111800H        
 2000/11/25  18:09:11.4   49.95  40.24   15.0  93  2 -145 1.8e+26  6.77 112500D        
 2000/12/06  17:11:06.4   54.87  39.60   33.0 319 33  136 3.9e+26  6.99 120600C        
 2000/12/06  22:57:40.0  152.87  -4.37   30.0  19 54  137 7.5e+25  6.51 120600E        
 2000/12/18  01:19:21.6 -178.98 -21.11  655.7 172 17 -144 7.6e+25  6.52 121800A        
 2000/12/20  16:49:43.3  154.71  -9.29   15.0  96 87   -2 9.6e+25  6.58 122000H        
 2001/01/01  06:57:04.2  127.07   6.73   44.0 171 45   60 1.7e+27  7.42 010101B        
 2001/01/01  08:54:31.6  127.13   7.12   44.1  34 34  147 1.8e+26  6.77 010101D        
 2001/01/09  16:49:28.0  167.11 -14.90  114.4 183 44  160 4.2e+26  7.01 010901G        
 2001/01/10  16:02:44.2 -153.56  56.99   21.0 224  8   74 3.3e+26  6.94 011001E        
 2001/01/13  17:33:32.4  -89.13  12.97   56.0 121 35  -95 4.6e+27  7.70 011301C        
 2001/01/16  13:25:09.8  101.42  -4.38   20.0 321 14  111 2.0e+26  6.79 011601D        
 2001/01/26  03:16:40.5   70.24  23.63   19.8 298 39  136 3.4e+27  7.62 012601A        
 2001/02/13  14:22:05.8  -88.97  13.98   15.0 276 74  175 8.1e+25  6.54 021301B        
 2001/02/13  19:28:30.3  102.36  -5.40   21.2 315 16  103 1.2e+27  7.31 021301D        
 2001/02/24  07:23:48.7  126.42   1.55   42.8 197 42   78 4.5e+26  7.03 022401A        
 2001/02/28  12:30:14.1  169.87 -22.11   17.0 321 28   94 1.1e+26  6.63 022801E        
 2001/02/28  18:54:32.8 -122.53  47.14   46.8 176 17  -96 1.8e+26  6.76 022801L        
 2001/03/24  06:27:53.6  132.52  33.97   47.4 323 39 -121 2.0e+26  6.79 032401C        
 2001/04/09  09:00:57.2  -73.23 -32.88   15.0 219 44  -86 1.2e+26  6.64 040901A        
 2001/04/19  21:43:42.3  155.79  -7.56   16.0 319 28  113 1.1e+26  6.63 041901I        
 2001/04/28  04:49:53.4 -176.68 -18.07  367.4 106 16  161 2.1e+26  6.81 042801B        
 2001/05/25  00:40:50.6  148.61  44.18   32.0 230 22  113 1.3e+26  6.68 052501B        
 2001/06/03  02:41:57.2 -178.23 -29.37  199.3 227 41  138 6.1e+26  7.12 060301A        
 2001/06/23  20:33:14.1  -72.71 -17.28   29.6 310 18   63 4.7e+28  8.38 062301E        
 2001/06/26  04:18:31.4  -72.02 -17.87   24.0 314 19   75 1.4e+26  6.69 062601D        
 2001/07/05  13:53:48.4  -73.60 -16.07   69.1 118 22  -89 8.0e+25  6.53 070501K        
 2001/07/07  09:38:43.5  -72.45 -17.45   25.0 306 14   52 3.2e+27  7.60 070701F        
 2001/07/28  07:32:43.0 -154.97  58.82  147.0  63 64   26 1.1e+26  6.61 072801A        
 2001/08/06  03:52:59.5 -123.05 -55.67   15.0 104 45  -83 1.4e+26  6.70 080601B        
 2001/08/21  06:52:06.2 -179.08 -36.70   59.0  55 42  116 5.2e+26  7.07 082101B        
 2001/10/12  15:02:16.8  145.08  12.88   42.0 131 30   31 3.7e+26  6.98 101201E        
 2001/10/19  03:28:44.5  124.11  -4.31   18.8 358 77  176 1.9e+27  7.44 101901A        
 2001/10/21  00:29:21.5  179.82 -37.03   15.0  80 61  -12 1.1e+26  6.62 102101A        
 2001/10/31  09:10:20.0  150.33  -6.27   35.0 266 25   95 3.0e+26  6.91 103101C        
 2001/11/14  09:26:10.0   92.91  35.80   15.0  94 61  -12 5.9e+27  7.78 111401B        
 2001/12/12  14:02:35.0  124.67 -42.69   16.0 349 82    6 4.7e+26  7.05 121201C        
 2001/12/18  04:02:58.3  122.79  24.00   16.0 329 47 -135 2.1e+26  6.81 121801C        
 2001/12/23  22:52:54.3  159.50  -9.63   18.0 311 23   54 2.1e+26  6.81 122301F        
 2002/01/02  17:22:48.8  167.85 -17.78   40.0 299 18   22 7.7e+26  7.19 010202F        
 2002/01/03  10:17:36.3  167.82 -17.84   20.0 359 30   97 9.9e+25  6.59 010302H        
 2002/01/10  11:14:56.9  142.68  -3.21   18.0 105 33   33 1.4e+26  6.70 011002D        
 2002/02/05  13:27:24.7  151.39  -5.74   48.0 238 35   68 9.0e+25  6.57 020502B        
 2002/03/03  12:08:07.8   70.42  36.57  228.5 282 22   85 1.3e+27  7.33 030302C        
 2002/03/05  21:16:09.1  124.25   5.92   28.7 314 25   70 1.9e+27  7.46 030502H        
 2002/03/31  06:52:50.5  121.96  24.19   39.0 292 32  121 5.5e+26  7.09 033102A        
 2002/04/18  05:02:46.2 -101.22  16.79   15.0 291  9   89 1.5e+26  6.72 041802B        
 2002/04/18  16:08:36.8  -70.73 -27.44   53.0 253 56  168 8.6e+25  6.55 041802F        
 2002/04/26  16:06:07.0  144.67  13.15   69.1 172  3   11 4.3e+26  7.02 042602G        
 2002/06/13  01:27:19.5   99.65 -47.55   15.0  33 86  179 7.8e+25  6.52 061302A        
 2002/06/17  21:26:22.9  166.25 -12.49   44.0 163 38   81 1.4e+26  6.70 061702H        
 2002/06/28  17:19:30.3  130.45  43.74  581.5  27 13  105 1.1e+27  7.29 062802B        
 2002/08/14  13:57:52.1  146.43  13.98   38.0 325 28  168 7.1e+25  6.50 081402E        
 2002/08/19  11:01:01.2 -179.08 -21.74  630.9 149 22 -141 3.5e+27  7.62 081902A        
 2002/08/19  11:08:24.3  178.49 -24.16  699.3  50  3   83 4.3e+27  7.68 081902C        
 2002/09/08  18:44:23.7  143.38  -3.27   19.5 106 34   43 2.9e+27  7.58 090802H        
 2002/10/10  10:50:20.6  134.30  -1.79   15.0  60 83    4 2.6e+27  7.54 101002E        
 2002/10/12  20:09:11.5  -71.66  -8.30  539.4 353 40  -75 2.4e+26  6.85 101202H        
 2002/10/23  11:27:19.4 -148.13  63.58   15.8 262 89  179 1.1e+26  6.62 102302E        
 2002/11/02  01:26:10.7   95.99   2.65   23.0 297 16   73 9.0e+26  7.23 110202B        
 2002/11/03  22:12:41.0 -144.89  63.23   15.0 296 71  171 7.5e+27  7.85 110302J        
 2002/11/07  15:14:06.8  179.29  51.20   28.0 268 22  110 9.7e+25  6.59 110702B        
 2002/11/15  19:58:31.8  -35.51 -55.91   15.0 276 40   68 1.0e+26  6.61 111502B        
 2002/11/17  04:53:53.5  146.45  47.81  479.8 316  9   30 1.1e+27  7.28 111702C        
 2002/12/12  08:30:42.8  153.21  -4.81   45.0 325 43   42 1.0e+26  6.60 121202C        
 2003/01/10  13:11:56.9  153.61  -5.44   41.0 130 44   78 8.7e+25  6.56 011003C        
 2003/01/20  08:43:06.1  160.63 -10.43   31.0 178 57  140 9.3e+26  7.24 012003B        
 2003/01/22  02:06:34.6 -103.90  18.86   26.0 308 12  110 2.0e+27  7.47 012203A        
 2003/02/19  03:32:36.4 -164.53  53.41   28.0 248 20   96 1.0e+26  6.60 021903C        
 2003/03/11  07:27:32.7  153.08  -4.52   37.0 324 60   21 1.9e+26  6.78 031103A        
 2003/03/17  16:36:17.3  177.58  51.33   27.0 289 22  137 4.2e+26  7.01 031703E        
 2003/05/04  13:15:18.7 -177.73 -30.65   41.0 200 28   97 1.2e+26  6.65 050403A        
 2003/05/14  06:03:35.9  -58.72  18.29   40.0 115 67  155 9.9e+25  6.59 051403B        
 2003/05/21  18:44:20.1    3.58  36.93   15.0  57 44   71 2.0e+26  6.80 052103H        
 2003/05/26  09:24:33.4  141.57  38.94   61.0 352 19   70 3.9e+26  6.99 052603A        
 2003/05/26  19:23:27.9  128.88   2.61   34.0 326 36   60 3.1e+26  6.92 052603D        
 2003/05/26  23:13:29.7  123.85   6.90  579.7 227 24  -18 2.3e+26  6.83 052603E        
 2003/06/07  00:32:45.6  152.64  -5.33   30.0 256 19   96 8.4e+25  6.55 060703A        
 2003/06/16  22:08:02.1  160.25  55.48  180.9 123 32 -161 2.4e+26  6.85 061603C        
 2003/06/20  06:19:38.9  -71.89  -7.37  556.2 353 47  -65 4.4e+26  7.03 062003D        
 2003/06/20  13:30:41.6  -71.97 -30.88   35.0   1 27   93 1.8e+26  6.76 062003G        
 2003/06/23  12:12:34.5  176.60  51.55   28.8 298 25  142 2.6e+26  6.87 062303A        
 2003/07/15  20:27:50.5   69.47  -1.42   15.0 307 69    1 2.5e+27  7.53 071503F        
 2003/07/27  02:04:11.5 -176.12 -21.09  215.6 294 22   -3 9.1e+25  6.57 072703A        
 2003/07/27  06:25:32.0  139.23  46.99  477.2  61 44  158 1.5e+26  6.71 072703C        
 2003/08/04  04:37:20.1  -43.21 -60.80   15.0 101 36  -23 2.7e+27  7.55 080403C        
 2003/08/21  12:12:49.8  166.87 -45.01   31.8  35 23   95 7.5e+26  7.18 082103D        
 2003/09/21  18:16:13.4   95.72  19.86   15.8   8 71  172 8.5e+25  6.55 092103B        
 2003/09/25  19:50:06.4  143.84  42.21   28.2 250 11  132 3.1e+28  8.25 092503C        
 2003/09/25  21:08:00.0  143.62  41.75   47.3 208 18   86 1.3e+27  7.34 092503K        
 2003/09/27  11:33:25.1   87.86  50.02   15.0 228 70   20 9.4e+26  7.24 092703F        
 2003/10/01  01:03:25.2   87.59  50.24   15.0 221 67    5 1.1e+26  6.63 100103B        
 2003/10/08  09:06:55.3  144.82  42.48   36.0 248 19  124 1.2e+26  6.65 100803A        
 2003/10/31  01:06:28.3  142.68  37.89   15.0 196  9   80 3.5e+26  6.96 103103A        
 2003/11/06  10:38:04.3  168.82 -19.41  114.3 306 26   46 8.6e+25  6.55 110603C        
 2003/11/09  19:52:36.8  -19.26  -0.27   15.0  79 77  178 9.3e+25  6.58 110903F        
 2003/11/17  06:43:06.8  177.86  51.14   21.7 280 19  122 5.3e+27  7.75 111703B        
 2003/11/25  20:19:46.3  151.02  -5.92   43.0 250 30   82 7.9e+25  6.53 112503E        
 2003/12/05  21:26:09.5  165.53  55.68   18.0  95 54  147 1.1e+26  6.64 120503F        
 2003/12/10  04:38:11.6  121.43  22.94   25.0 221 44  113 2.0e+26  6.80 121003B        
 2003/12/21  07:40:45.8  -20.13  -0.39   15.0  81 83  180 7.8e+25  6.53 122103B        
 2003/12/22  19:15:56.0 -121.15  35.75   15.0 296 32   88 8.5e+25  6.55 122203C        
 2003/12/26  01:56:52.4   58.24  29.10   15.0 172 59  167 9.3e+25  6.58 122603B        
 2003/12/26  21:26:04.1  169.39 -22.33   15.0 131 41  -95 1.6e+26  6.74 122603I        
 2003/12/27  16:00:59.5  169.81 -21.99   23.0 324 29   95 9.5e+26  7.25 122703G        
 2003/12/27  22:38:01.9  169.75 -21.71   24.0 319 31   79 1.4e+26  6.70 122703K        
 2004/01/03  16:23:21.0  169.72 -22.41   15.0 314 39  -77 5.9e+26  7.11 010304J        
 2004/01/25  11:43:11.9 -173.79 -16.75  143.4 262 40  148 1.1e+26  6.64 012504B        
 2004/01/28  22:15:30.7  127.30  -3.11   16.8  98 46   -9 1.1e+26  6.62 012804H        
 2004/02/05  21:05:02.8  135.53  -3.62   13.0  44 43  -10 3.4e+26  6.95 020504B        
 2004/02/07  02:42:35.2  134.78  -4.03   12.0 261 68   -7 9.8e+26  7.26 020704A        
 2004/02/08  08:58:51.8  135.40  -3.72   12.0  43 55  -16 1.2e+26  6.65 020804C        
 2004/02/21  02:34:42.7  -14.90 -58.62   17.3 352 76 -179 9.5e+25  6.58 022104A        
 2004/04/23  01:50:30.2  123.01  -9.69   52.3 140 25  -24 1.1e+26  6.64 042304A        
 2004/05/03  04:36:50.0  -73.75 -37.95   24.0   0 16  118 1.0e+26  6.61 050304A        
 2004/06/10  15:19:57.8  160.32  55.79  190.1 173  9 -126 2.3e+26  6.84 061004H        
 2004/06/28  09:49:47.0 -134.46  55.02   12.0 333 51  179 1.9e+26  6.78 062804C        
 2004/07/15  04:27:14.7 -178.52 -17.68  577.2 345 44  137 4.8e+26  7.05 071504C        
 2004/07/25  14:35:19.1  104.38  -2.68  600.5 108 45 -129 1.0e+27  7.27 072504B        
 2004/08/28  13:41:27.9  -70.36 -35.21   16.0  21 61 -178 7.2e+25  6.50 082804C        
 2004/09/05  10:07:07.8  137.00  32.94   16.0 277 38  100 7.8e+26  7.19 090504A        
 2004/09/05  14:57:18.6  137.22  33.13   12.0  79 46   72 1.5e+27  7.37 090504D        
 2004/09/06  12:42:59.4  -28.79 -55.43   12.0  95 20   47 1.7e+26  6.74 090604C        
 2004/09/06  23:29:35.1  137.28  33.14   12.0  81 42   82 9.8e+25  6.59 090604M        
 2004/10/08  08:27:53.5  162.27 -10.87   40.0 108 51   23 1.6e+26  6.74 100804B        
 2004/10/09  21:26:53.7  -87.02  11.25   39.0 311 26   98 3.0e+26  6.92 100904E        
 2004/10/15  04:08:50.2  122.74  24.48  102.1 200 17    6 8.7e+25  6.56 101504A        
 2004/10/23  08:56:00.9  138.83  37.31   13.0  23 34   81 8.6e+25  6.55 102304D        
 2004/11/02  10:02:12.8 -129.13  49.17   19.0 312 83 -176 8.6e+25  6.55 110204F        
 2004/11/09  23:58:23.6  163.70 -11.35   12.0 191 48 -145 2.8e+26  6.89 110904F        
 2004/11/11  17:34:52.0  162.17 -11.20   12.0 275 28   41 1.0e+26  6.60 111104I        
 2004/11/11  21:26:41.2  125.12  -7.87   17.0  67 27   72 2.1e+27  7.48 111104M        
 2004/11/15  09:06:56.6  -77.57   4.72   16.0  21 11  114 7.6e+26  7.18 111504C        
 2004/11/17  21:09:13.1 -178.40 -19.87  629.4  77  8  117 7.2e+25  6.50 111704G        
 2004/11/22  20:26:23.9  164.91 -46.36   40.0  43 36  103 5.6e+26  7.09 112204C        
 2004/11/26  02:25:03.3  135.54  -3.55   12.0   5 34    0 5.5e+26  7.09 112604A        
 2004/11/28  02:35:13.4 -114.00 -26.82   12.0 105 71 -178 9.0e+25  6.57 112804B        
 2004/11/28  18:32:14.1  145.36  42.88   47.0 242 26  122 3.7e+26  6.97 112804I        
 2004/12/06  14:15:11.9  145.41  42.82   36.0 246 24  125 1.6e+26  6.73 120604A        
 2004/12/14  23:20:13.4  -81.52  19.05   12.0 258 84   -2 1.8e+26  6.76 121404B        
 2004/12/23  14:59:04.4  161.25 -49.91   27.5  69 74  167 1.6e+28  8.07 122304A        
 2004/12/26  00:58:50.0   94.26   3.09   28.6 329  8  110 4.0e+29  8.99 122604A        
 2004/12/26  04:21:29.8   92.79   6.61   13.6 351 27  121 7.2e+26  7.17 122604B        
 2004/12/26  09:20:01.6   92.45   8.58   12.0 333 38   82 9.8e+25  6.59 122604C        
 2005/01/01  06:25:44.8   92.22   4.97   12.0 111 68 -173 1.2e+26  6.65 200501010625A  
 2005/01/12  08:40:03.7  -20.53  -0.47   12.0 261 85  180 1.9e+26  6.78 200501120840A  
 2005/01/16  20:17:52.8  140.86  10.88   12.0 113 30  -70 9.6e+25  6.58 200501162017A  
 2005/01/19  06:11:36.4  141.95  34.01   15.0 181 22   98 8.1e+25  6.54 200501190611A  
 2005/02/05  03:34:25.7  146.19  15.88  132.0 266 46 -144 9.4e+25  6.58 200502050334A  
 2005/02/05  12:23:18.9  123.67   5.47  530.6 158 14 -114 5.2e+26  7.08 200502051223A  
 2005/02/08  14:48:22.0  167.13 -14.18  197.1 181 43  110 1.3e+26  6.67 200502081448A  
 2005/02/16  20:27:52.5  -16.00 -35.39   13.0 346 85  178 1.0e+26  6.60 200502162027A  
 2005/02/26  12:56:52.6   95.40   2.80   12.0 294  6   66 1.4e+26  6.70 200502261256A  
 2005/03/02  10:42:12.2  129.99  -6.54  196.1 308 35  176 5.7e+26  7.10 200503021042A  
 2005/03/20  01:53:41.8  130.15  33.72   12.0  32 76 -178 9.2e+25  6.57 200503200153A  
 2005/03/21  12:23:54.1  -63.54 -24.88  572.3  64 18   -8 2.3e+26  6.84 200503211223A  
 2005/03/28  16:09:36.5   97.07   1.67   25.8 333  8  118 1.0e+29  8.61 200503281609A  
 2005/04/10  10:29:11.3   99.54  -1.68   12.0 142 34   89 1.3e+26  6.68 200504101029A  
 2005/04/11  12:20:06.0  146.18  -3.33   14.0 267 78   -2 1.1e+26  6.62 200504111220A  
 2005/04/11  17:08:53.9  170.50 -22.01   78.3 351 37 -150 1.5e+26  6.71 200504111708A  
 2005/05/14  05:05:18.5   98.24   0.42   39.0 326 22   88 1.5e+26  6.72 200505140505A  
 2005/05/19  01:54:52.8   96.74   1.88   12.0 290  8   65 2.4e+26  6.85 200505190154A  
 2005/06/13  22:44:33.9  -69.23 -20.02   94.5 182 23  -81 5.3e+27  7.75 200506132244A  
 2005/06/14  17:10:16.6  179.52  51.15   18.0 268 20  115 1.8e+26  6.76 200506141710A  
 2005/06/15  02:50:53.2 -126.42  41.15   20.4 317 83  175 8.3e+26  7.21 200506150250A  
 2005/06/17  06:21:42.3 -126.76  40.64   16.2 292 82 -179 1.1e+26  6.64 200506170621A  
 2005/07/02  02:16:43.7  -86.70  11.06   28.0 311 22   96 1.0e+26  6.60 200507020216A  
 2005/07/05  01:52:03.0   96.93   1.56   16.0 329  8  107 1.2e+26  6.64 200507050152A  
 2005/07/24  15:42:06.2   91.88   7.92   12.0  29 68   -2 8.9e+26  7.23 200507241542A  
 2005/08/16  02:46:28.4  142.05  38.24   37.0 194 16   81 7.6e+26  7.19 200508160246A  
 2005/09/09  07:26:43.7  153.95  -5.20   83.6 140 30   91 3.7e+27  7.64 200509090726A  
 2005/09/26  01:55:37.7  -76.20  -5.60  108.1 347 39  -92 2.2e+27  7.49 200509260155A  
 2005/09/29  15:50:24.0  152.08  -5.69   30.0 247 24   97 1.0e+26  6.61 200509291550A  
 2005/10/08  03:50:40.8   73.47  34.38   12.0 334 40  123 2.9e+27  7.58 200510080350A  
 2005/11/14  21:38:51.4  144.97  38.22   18.0 181 43 -104 3.7e+26  6.98 200511142138A  
 2005/11/17  19:26:56.4  -68.13 -22.46  155.3 126 26 -149 1.9e+26  6.78 200511171926A  
 2005/12/05  12:19:56.6   29.60  -6.23   18.0 149 50 -122 1.8e+26  6.77 200512051219A  
 2005/12/11  14:20:43.8  152.36  -6.73   12.0  71 44 -101 9.8e+25  6.59 200512111420A  
 2005/12/12  21:47:46.1   71.06  36.45  210.2 279 40  106 8.2e+25  6.54 200512122147A  
 2005/12/13  03:16:06.4 -178.43 -15.04   15.0 271 86    2 1.3e+26  6.66 200512130316A  
 2006/01/02  06:10:49.2  -21.39 -61.12   20.2 358 77 -168 1.4e+27  7.36 200601020610A  
 2006/01/02  22:13:40.5 -177.72 -19.80  589.5 281 22  -40 6.9e+26  7.16 200601022213A  
 2006/01/04  08:32:32.4 -112.51  28.38   15.0 129 88  178 9.6e+25  6.59 200601040832A  
 2006/01/08  11:34:55.6   23.29  35.93   64.0 201 44   55 1.5e+26  6.72 200601081134A  
 2006/01/27  16:58:53.7  128.20  -5.61  397.4  43 42  -44 3.5e+27  7.63 200601271658A  
 2006/02/02  12:48:43.4 -178.13 -17.77  611.6 244 37  -39 1.5e+26  6.71 200602021248A  
 2006/02/22  22:19:07.8   33.33 -21.20   12.0 325 27 -114 4.2e+26  7.01 200602222219A  
 2006/03/14  06:57:33.9  127.31  -3.35   13.0 284 69   11 1.5e+26  6.71 200603140657A  
 2006/03/31  13:21:00.4 -176.41 -29.49   12.0 205 20  101 7.9e+25  6.53 200603311321A  
 2006/04/20  23:25:02.2  167.05  60.89   12.0 207 40   76 3.0e+27  7.58 200604202325A  
 2006/04/29  16:58:06.3  167.60  60.51   12.0 239 44  127 9.4e+25  6.58 200604291658A  
 2006/04/30  19:17:17.2  -71.52 -27.17   15.4  11 14  106 1.0e+26  6.60 200604301917A  
 2006/05/03  15:26:40.3 -173.47 -20.39   67.8 226 22  123 1.1e+28  7.96 200605031527A  
 2006/05/16  10:39:23.3 -178.91 -31.41  151.1 129 19   58 1.8e+27  7.43 200605161039A  
 2006/05/16  15:28:25.9   96.98   0.01   13.5  92 60 -171 2.1e+26  6.81 200605161528A  
 2006/05/22  11:12:00.4  165.81  60.86   12.0 253 86   -3 1.0e+26  6.61 200605221112A  
 2006/07/08  20:40:01.0 -179.12  51.04   28.0 270 23  119 1.0e+26  6.60 200607082039A  
 2006/07/17  08:19:28.8  107.78 -10.28   20.0 290 10  102 4.6e+27  7.71 200607170819A  
 2006/08/07  22:18:54.0  167.63 -15.76  157.7 275 43  -34 2.0e+26  6.80 200608072218A  
 2006/08/20  03:41:47.5  -34.52 -61.27   17.2   4 82 -176 3.7e+26  6.98 200608200341A  
 2006/08/25  00:44:46.2  -67.18 -24.44  185.8 194 36  -48 9.0e+25  6.57 200608250044A  
 2006/09/01  10:18:51.6  155.42  -7.01   45.6 301 42   78 1.6e+26  6.74 200609011018A  
 2006/09/28  06:22:09.7 -171.66 -16.63   15.5   6 40 -100 2.7e+26  6.88 200609280622A  
 2006/09/30  17:50:23.0  153.45  46.29   12.8 231 28  106 8.8e+25  6.56 200609301750A  
 2006/10/01  09:06:02.3  153.64  46.38   12.8 224 29  100 8.3e+25  6.54 200610010906A  
 2006/10/15  17:07:49.2 -155.94  19.83   48.0  88 45 -146 1.5e+26  6.70 200610151707A  
 2006/10/17  01:25:12.2  151.26  -6.09   31.5  43 36  105 1.4e+26  6.69 200610170125A  
 2006/10/20  10:48:56.0  -76.98 -13.46   22.5 327 16   73 1.4e+26  6.69 200610201048A  
 2006/11/07  17:38:33.6  151.58  -6.57   12.0 240 35  -85 8.5e+25  6.55 200611071738A  
 2006/11/13  01:26:34.2  -63.47 -26.10  573.4 344  7  -87 2.3e+26  6.83 200611130126A  
 2006/11/15  11:14:17.8  154.33  46.71   13.5 215 15   92 3.5e+28  8.29 200611151114A  
 2006/11/15  11:40:55.1  154.83  46.47   23.3  54 45  -76 1.4e+26  6.68 200611151140A  
 2006/12/26  12:26:21.1  120.52  21.81   19.6 165 30  -76 3.8e+26  6.98 200612261226A  
 2006/12/26  12:34:13.8  120.40  22.02   32.8 151 48    0 2.9e+26  6.90 200612261234A  
 2006/12/30  08:30:49.8   51.44  13.67   16.0 117 80    3 1.1e+26  6.61 200612300830A  
 2007/01/13  04:23:21.2  154.80  46.17   12.0 266 39  -54 1.8e+28  8.10 200701130423A  
 2007/01/21  11:27:45.1  126.21   1.10   22.2  34 35  108 2.0e+27  7.46 200701211127A  
 2007/01/30  04:54:50.6  146.26 -55.12   13.0 171 77   -2 2.4e+26  6.85 200701300454A  
 2007/01/30  21:37:45.8  145.10  20.99   22.5 128 37  -24 9.2e+25  6.57 200701302137A  
 2007/01/31  03:15:52.3 -177.40 -29.54   56.1 192 33   89 7.1e+25  6.50 200701310315A  
 2007/02/20  08:04:25.1  127.17  -0.91   12.1 276 49  -20 1.5e+26  6.71 200702200804A  
 2007/03/25  00:40:01.6  169.12 -20.60   41.2 333 36   89 6.2e+26  7.13 200703250040A  
 2007/03/25  00:41:57.8  136.61  37.28   12.0  34 40  108 1.3e+26  6.67 200703250041A  
 2007/03/25  01:08:19.0  168.99 -20.89   31.3 331 31   83 2.7e+26  6.89 200703250108A  
 2007/04/01  20:39:56.4  156.34  -7.79   14.1 333 37  121 1.6e+28  8.06 200704012039A  
 2007/04/01  21:11:33.2  155.80  -7.46   29.6 291 40   49 2.6e+26  6.87 200704012111A  
 2007/06/13  19:29:40.2  -91.22  13.43   31.6 286 31   75 1.3e+26  6.67 200706131929A  
 2007/06/28  02:52:09.6  154.70  -7.95   18.0  40 60  179 1.3e+26  6.68 200706280252A  
 2007/07/16  01:13:22.4  138.47  37.50   12.0  37 30   83 1.1e+26  6.62 200707160113A  
 2007/07/16  14:17:37.3  135.03  36.84  374.9 290 46  -10 2.1e+26  6.81 200707161417A  
 2007/07/26  05:40:16.1  127.47   2.95   41.9  16 37   72 3.2e+26  6.93 200707260540A  
 2007/08/01  17:08:51.4  167.41 -15.41  126.0 356 29   79 7.4e+26  7.18 200708011708A  
 2007/08/02  03:21:42.8 -179.73  51.10   31.9 271 27  123 1.6e+26  6.73 200708020321A  
 2007/08/08  17:04:57.8  107.58  -6.03  304.8 330 30  155 2.6e+27  7.53 200708081704A  
 2007/08/15  23:40:57.9  -77.04 -13.73   33.8 321 28   63 1.1e+28  7.96 200708152340A  
 2007/08/20  22:42:29.2  -39.17   8.19   12.0 270 77  176 8.2e+25  6.54 200708202242A  
 2007/09/02  01:05:18.1  165.68 -11.74   18.3 338 23  101 9.0e+26  7.23 200709020105A  
 2007/09/10  01:49:14.2  -78.12   3.08   18.9  54 23  -95 1.7e+26  6.74 200709100149A  
 2007/09/12  11:10:26.8  100.99  -3.78   24.4 328  9  114 6.7e+28  8.48 200709121110A  
 2007/09/12  23:49:03.7  100.13  -2.46   43.1 317 19  102 8.1e+27  7.87 200709122348A  
 2007/09/13  02:30:03.3   99.54  -1.94   34.8 286 35   79 8.1e+25  6.54 200709130230A  
 2007/09/13  03:35:28.7   99.39  -2.31   17.0 312 10   90 4.7e+26  7.05 200709130335A  
 2007/09/20  08:31:14.5   99.85  -2.24   32.3 313 19   99 1.3e+26  6.68 200709200831A  
 2007/09/26  12:36:26.9  153.52  -5.20   47.1 138 44   86 1.7e+26  6.74 200709261236A  
 2007/09/28  13:38:59.5  143.07  21.94  275.8  73 49   50 2.0e+27  7.46 200709281338A  
 2007/09/30  02:08:30.2  145.68  10.51   14.2  16 76  167 3.3e+26  6.94 200709300208A  
 2007/09/30  05:23:34.1  164.10 -49.26   12.6  29 36  123 1.6e+27  7.40 200709300523A  
 2007/09/30  09:47:52.0  164.01 -49.36   31.2  23 50  146 1.0e+26  6.60 200709300947A  
 2007/10/15  12:29:36.0  167.24 -44.71   18.8  54 30  132 2.0e+26  6.79 200710151229A  
 2007/10/16  21:05:43.3  179.72 -25.70  512.4 100 38  164 9.8e+25  6.59 200710162105A  
 2007/10/24  21:02:50.5  100.81  -4.40   20.0 321 12  107 2.3e+26  6.84 200710242102A  
 2007/10/31  03:30:17.7  145.59  18.83  211.0 196 60  152 9.3e+26  7.24 200710310330A  
 2007/11/10  01:13:29.4  161.23 -51.38   28.2 216 76  172 8.8e+25  6.56 200711100113A  
 2007/11/14  15:40:50.5  -70.62 -22.64   37.6 358 20   98 4.8e+27  7.72 200711141540A  
 2007/11/15  15:05:58.3  -70.94 -22.98   20.7 360 16   98 2.0e+26  6.80 200711151506A  
 2007/11/16  03:13:00.1  -78.00  -2.50  114.3 177 29  -44 1.8e+26  6.77 200711160312A  
 2007/11/22  08:48:27.5  147.05  -5.96   56.4 102 43   86 1.7e+26  6.75 200711220848A  
 2007/11/27  11:49:58.0  162.20 -11.13   26.1 271 34   28 8.7e+25  6.56 200711271150A  
 2007/11/29  19:00:19.6  -61.41  15.06  147.9 109 58  -32 1.6e+27  7.39 200711291900A  
 2007/12/09  07:28:20.8 -177.22 -25.75  149.9  34 25   38 7.1e+27  7.83 200712090728A  
 2007/12/16  08:09:17.9  -70.41 -23.02   30.6 246  6  159 1.5e+26  6.71 200712160809A  
 2007/12/19  09:30:27.3 -179.27  51.02   27.6 274 21  118 7.2e+26  7.17 200712190930A  
 2007/12/20  07:55:15.8  178.40 -38.92   30.4  72 46  -63 9.0e+25  6.57 200712200755A  
 2008/01/05  11:01:05.3 -131.24  51.11   12.0 327 80 -173 9.6e+25  6.59 200801051101A  
 2008/01/15  17:52:15.7 -179.34 -22.05  603.3 104 20  168 7.3e+25  6.51 200801151752A  
 2008/02/08  09:38:14.1  -41.71  10.85   16.8 274 78 -180 3.2e+26  6.93 200802080938A  
 2008/02/10  12:22:02.7  -25.01 -61.05   12.0  61 42 -101 8.3e+25  6.54 200802101222A  
 2008/02/14  10:09:22.7   21.79  36.24   20.0 332  6  120 2.4e+26  6.85 200802141009A  
 2008/02/14  12:08:55.8   21.67  36.29   15.0 337  5  127 8.1e+25  6.54 200802141208A  
 2008/02/20  08:08:30.5   95.98   2.69   14.9 299 11   80 1.1e+27  7.30 200802200808A  
 2008/02/23  15:57:19.8  -23.13 -57.12   12.0  25 53  -29 1.7e+26  6.74 200802231557A  
 2008/02/25  08:36:33.0   99.95  -2.66   14.4 317  6  102 7.8e+26  7.19 200802250836A  
 2008/02/25  18:06:03.9   99.73  -2.58   15.0 318  6  103 1.0e+26  6.60 200802251806A  
 2008/02/25  21:02:18.4   99.70  -2.46   17.0 320  8  106 1.5e+26  6.71 200802252102A  
 2008/03/03  14:11:14.6  125.59  13.52   17.9 290 44 -115 2.6e+26  6.87 200803031411A  
 2008/03/20  22:32:57.9   81.37  35.43   12.0 358 41 -110 5.4e+26  7.09 200803202233A  
 2008/04/09  12:46:12.7  168.80 -20.12   35.2 340 30  101 1.1e+27  7.30 200804091246A  
 2008/04/12  00:30:12.6  158.49 -55.56   22.0   3 43  102 5.5e+26  7.09 200804120030A  
 2008/04/16  05:54:19.7 -179.17  51.81   12.0  69 74  176 9.8e+25  6.59 200804160554A  
 2008/05/02  01:33:37.2 -177.54  51.96   12.0  79 74  176 9.7e+25  6.59 200805020133A  
 2008/05/07  16:45:20.3  141.61  36.18   26.3 204 15   91 2.4e+26  6.85 200805071645A  
 2008/05/09  21:51:29.7  143.28  12.36   83.3 325 59 -147 1.7e+26  6.74 200805092151A  
 2008/05/12  06:28:01.6  104.10  31.44   12.8 231 35  138 9.0e+27  7.90 200805120628A  
 2008/06/13  23:43:45.4  140.85  39.03   12.0  17 42   87 2.6e+26  6.87 200806132343A  
 2008/06/27  11:40:14.0   91.82  10.92   17.1  42 52  -40 8.8e+25  6.56 200806271140A  
 2008/06/30  06:17:44.9  -21.77 -58.33   26.0 143 83 -179 3.4e+26  6.95 200806300617A  
 2008/07/05  02:12:04.5  153.37  54.12  610.8 143 48 -134 4.5e+27  7.70 200807050212A  
 2008/07/19  02:39:28.7  142.42  37.47   21.8 200 16   88 2.9e+26  6.91 200807190239A  
 2008/07/19  09:27:01.5  164.47 -11.12   13.5  52 45  -72 9.1e+25  6.57 200807190927A  
 2008/07/23  15:26:20.0  141.51  39.73   98.8  14 18  -75 1.9e+26  6.79 200807231526A  
 2008/08/25  13:21:58.8   83.51  30.61   17.3  30 48  -48 1.4e+26  6.69 200808251322A  
 2008/09/08  18:52:07.0  166.75 -13.37  125.0   0 39   87 3.1e+26  6.92 200809081852A  
 2008/09/10  13:08:14.9  -38.54   8.18   15.3 273 76 -179 1.0e+26  6.61 200809101308A  
 2008/09/11  00:00:02.7  127.34   1.91  119.6 338 29   20 9.4e+25  6.58 200809110000A  
 2008/09/11  00:20:50.9  144.11  41.79   20.0 235 15  116 1.8e+26  6.76 200809110020A  
 2008/09/29  15:19:31.6 -177.46 -29.85   51.1 197 32   92 4.5e+26  7.03 200809291519A  
 2008/10/05  15:52:49.4   73.64  39.50   12.0 246 38   78 1.4e+26  6.69 200810051552A  
 2008/10/16  19:41:25.7  -92.90  14.28   29.9 289 26   74 1.2e+26  6.65 200810161941A  
 2008/10/19  05:10:33.9 -173.56 -21.82   43.3 189 44   81 2.9e+26  6.90 200810190510A  
 2008/11/16  17:02:32.7  122.05   1.50   29.2  92 20   84 1.3e+27  7.34 200811161702A  
 2008/11/24  09:02:58.8  154.71  54.27  502.3 276 19  -29 1.1e+27  7.29 200811240902A  
 2008/12/09  06:23:59.8 -176.54 -31.03   18.8 174 38 -104 1.5e+26  6.71 200812090624A  
 2009/01/03  19:43:50.7  132.83  -0.38   15.2  99 23   47 3.9e+27  7.66 200901031943A  
 2009/01/03  20:23:20.2   70.36  36.44  205.6 264 28   77 9.2e+25  6.57 200901032023A  
 2009/01/03  22:33:40.3  133.48  -0.58   18.2 101 26   72 1.4e+27  7.36 200901032233A  
 2009/01/15  07:27:20.3  170.46 -22.58   27.1 303 29   98 9.6e+25  6.59 200901150727A  
 2009/01/15  17:49:39.1  155.39  46.97   45.2  11 44   84 1.5e+27  7.38 200901151749A  
 2009/01/19  03:35:18.8  170.72 -22.76   18.9 293 30   95 8.6e+25  6.55 200901190335A  
 2009/02/11  17:34:50.8  126.81   3.92   23.9 177 38   83 5.9e+26  7.11 200902111734A  
 2009/02/18  21:53:45.2 -175.90 -27.27   36.5 274 38  179 3.5e+26  6.96 200902182153A  
 2009/03/19  18:17:40.9 -174.23 -23.08   49.1 205 44   98 3.4e+27  7.62 200903191817A  
 2009/04/07  04:23:33.2  151.99  46.00   43.2 231 31  110 2.5e+26  6.87 200904070423A  
 2009/04/16  14:57:06.2  -26.55 -60.71   24.0 226 33  113 1.3e+26  6.68 200904161457A  
 2009/04/18  19:17:58.9  151.74  45.96   50.4 231 33  109 1.0e+26  6.60 200904181917A  
 2009/05/16  00:53:52.7 -178.12 -31.56   47.7 199 32   95 7.2e+25  6.50 200905160053A  
 2009/05/28  08:24:45.1  -87.17  16.50   12.0  63 60   -7 1.3e+27  7.34 200905280824A  
 2009/06/23  14:19:22.4  153.74  -5.22   70.2 139 34   85 1.5e+26  6.72 200906231419A  
 2009/07/15  09:22:29.0  166.26 -45.85   23.5  25 26  138 5.8e+27  7.77 200907150922A  
 2009/08/03  17:59:56.2 -113.53  29.22   12.2 131 87  178 2.5e+26  6.87 200908031800A  
 2009/08/09  10:55:55.6  138.19  33.05  301.8  86 17  168 4.9e+26  7.06 200908091055A  
 2009/08/10  04:06:31.0  165.93 -11.60   43.6 164 44   89 8.4e+25  6.54 200908100406A  
 2009/08/10  19:55:35.6   92.94  14.16   22.0  39 36  -92 1.9e+27  7.46 200908101955A  
 2009/08/12  22:48:51.4  140.68  32.74   55.2  55 18  130 9.4e+25  6.58 200908122248A  
 2009/08/16  07:38:21.7   99.45  -1.56   12.0 161 31   92 1.2e+26  6.65 200908160738A  
 2009/08/17  00:05:49.0  123.57  23.29   24.3 134 76    8 1.2e+26  6.65 200908170005A  
 2009/08/28  01:51:20.4  123.46  -7.09  634.4 263 34 -138 2.7e+26  6.89 200908280151A  
 2009/08/30  14:51:32.9 -172.28 -15.12   18.3 116 41  -97 1.0e+26  6.60 200908301451A  
 2009/09/02  07:55:01.0  107.33  -8.12   53.2  54 46  117 3.6e+26  6.97 200909020755A  
 2009/09/29  17:48:11.0 -171.97 -15.13   12.0 119 38 -131 1.7e+28  8.08 200909291748A  
 2009/09/30  10:16:09.2   99.67  -0.79   77.8  74 52  139 2.7e+27  7.55 200909301016A  
 2009/10/01  01:52:27.3  101.59  -2.45   15.1 323 70 -178 9.8e+25  6.59 200910010152A  
 2009/10/04  10:58:00.2  123.56   6.77  625.8  27  4   74 1.1e+26  6.62 200910041058A  
 2009/10/07  21:41:13.3  122.51   4.11  579.5 179 10 -112 1.8e+26  6.76 200910072141A  
 2009/10/07  22:03:14.5  166.27 -12.59   44.2 344 41   87 3.3e+27  7.61 200910072203A  
 2009/10/07  22:18:51.2  166.01 -11.86   41.7 337 36   82 6.7e+27  7.81 200910072218A  
 2009/10/07  22:50:15.8  165.89 -12.59   17.8 344 27   88 2.0e+26  6.80 200910072250A  
 2009/10/07  23:13:48.2  166.37 -13.12   42.5 341 43   83 1.6e+27  7.41 200910072313A  
 2009/10/08  08:28:48.0  166.09 -13.14   13.8 349 27  101 1.6e+26  6.73 200910080828A  
 2009/10/24  14:40:43.7  130.57  -6.10  154.6 315 46  166 3.0e+26  6.91 200910241440A  
 2009/10/30  07:03:39.1  130.22  28.97   37.9 207 29   78 1.8e+26  6.77 200910300703A  
 2009/11/08  19:41:43.4  118.72  -8.23   21.3  90 25  108 1.1e+26  6.62 200911081941A  
 2009/11/09  10:44:54.8  178.53 -17.11  603.9 172 42   33 1.0e+27  7.26 200911091044A  
 2009/11/13  03:05:57.2  -71.01 -19.60   36.2 342 24   92 7.6e+25  6.52 200911130306A  
 2009/11/17  15:30:45.4 -131.67  51.93   15.6 260 74   -7 9.2e+25  6.57 200911171530A  
 2009/11/24  12:47:15.7 -173.55 -20.85   25.9  99 47   -3 1.6e+26  6.74 200911241247A  
 2010/01/03  21:48:05.3  157.45  -9.12   12.0 321 20   96 1.1e+26  6.63 201001032148A  
 2010/01/03  22:36:28.0  157.21  -8.88   12.0 321 21  102 5.8e+26  7.10 201001032236A  
 2010/01/05  04:55:38.9  -14.85 -58.50   15.1 353 80 -179 1.8e+26  6.77 201001050455A  
 2010/01/05  12:15:32.2  157.77  -9.11   12.0 290 27   58 2.2e+26  6.83 201001051215A  
 2010/01/10  00:27:39.3 -124.81  40.53   19.0 233 85    0 7.4e+25  6.51 201001100027A  
 2010/01/12  21:53:10.2  -72.62  18.61   12.0 152 69  159 4.4e+26  7.03 201001122153A  
 2010/02/18  01:13:19.5  130.66  42.48  578.7  71 15  166 2.6e+26  6.87 201002180113A  
 2010/02/26  20:31:27.0  128.61  25.86   18.0  91 80    9 3.5e+26  6.96 201002262031A  
 2010/02/27  06:34:15.6  -73.15 -35.98   23.2  19 18  116 1.9e+29  8.78 201002270634A  
 2010/02/27  08:01:23.9  -75.41 -38.09   19.9   3 46 -102 1.4e+27  7.35 201002270801A  
 2010/03/05  11:47:06.8  -73.75 -36.89   14.9   9 16   98 1.0e+26  6.60 201003051147A  
 2010/03/05  16:07:00.7  100.52  -4.04   20.0 324 13  109 1.3e+26  6.66 201003051606A  
 2010/03/11  14:39:44.0  -72.11 -34.54   12.9 324 35  -90 2.4e+26  6.85 201003111439A  
 2010/03/11  14:55:27.5  -72.13 -34.53   16.3  16  6  -53 3.5e+26  6.96 201003111455A  
 2010/03/14  08:08:04.0  141.98  37.70   45.9 200 24   89 7.8e+25  6.53 201003140808A  
 2010/03/16  02:21:57.9  -73.63 -36.49   13.4  12 14  107 1.2e+26  6.64 201003160221A  
 2010/03/20  14:00:50.0  152.33  -3.32  413.5  64 30  -93 9.2e+25  6.57 201003201400A  
 2010/03/30  16:54:46.7   92.76  13.58   30.5 255 60  -20 1.1e+26  6.63 201003301654A  
 2010/04/04  22:40:43.0 -115.39  32.31   12.8 223 84   -2 7.6e+26  7.18 201004042240A  
 2010/04/06  22:15:01.6   96.74   2.07   17.6 307  7   88 6.6e+27  7.81 201004062215A  
 2010/04/11  09:40:25.6  161.18 -11.04   36.1 291 41   82 2.4e+26  6.85 201004110940A  
 2010/04/13  23:49:38.3   96.79  33.05   15.7 210 67  178 2.5e+26  6.87 201004132349A  
 2010/05/05  16:29:03.2  100.77  -4.28   12.0 326 10  111 8.0e+25  6.53 201005051629A  
 2010/05/09  05:59:41.6   95.78   3.36   37.2 308 15   88 9.4e+26  7.25 201005090559A  
 2010/05/27  17:14:46.6  166.65 -13.81   42.9 347 44   96 7.0e+26  7.16 201005271714A  
 2010/06/12  19:26:50.5   91.65   7.85   33.1 220 63   31 1.9e+27  7.46 201006121926A  
 2010/06/16  03:16:27.5  136.36  -1.87   12.0 332 80 -172 4.0e+26  7.00 201006160316A  
 2010/06/16  03:58:08.5  136.56  -2.10   14.6  42 80    1 8.5e+25  6.55 201006160358A  
 2010/06/26  05:30:19.5  161.43 -10.54   41.3 179 48  128 1.6e+26  6.73 201006260530A  
 2010/07/14  08:32:21.5  -73.89 -38.35   15.3   7  9   97 1.1e+26  6.62 201007140832A  
 2010/07/18  05:56:47.3 -169.64  52.66   12.0 178 61  -30 1.3e+26  6.66 201007180556A  
 2010/07/18  13:04:09.4  150.68  -6.32   35.0  13 41   91 3.1e+26  6.92 201007181304A  
 2010/07/18  13:34:59.3  150.33  -6.22   36.7 257 30   82 1.2e+27  7.32 201007181335A  
 2010/07/23  22:08:11.2  123.59   6.54  596.8 263 19  -31 1.1e+27  7.30 201007232208A  
 2010/07/23  22:51:12.4  123.90   6.62  576.9 233 18  -38 3.6e+27  7.64 201007232251A  
 2010/07/23  23:15:10.2  123.48   6.83  641.4 254 22  -52 1.9e+27  7.44 201007232315A  
 2010/07/24  05:35:01.1  123.56   6.23  556.4 240 19  -44 8.9e+25  6.56 201007240535A  
 2010/07/29  07:31:56.8  123.41   6.69  614.0 274 10  -32 1.0e+26  6.60 201007290731A  
 2010/08/04  22:01:43.6  150.80  -6.26   34.8 255 31   80 2.7e+26  6.88 201008042201A  
 2010/08/10  05:23:45.0  167.81 -17.57   31.9 353 33  126 1.0e+27  7.27 201008100523A  
 2010/08/12  11:54:15.6  -77.51  -1.51  197.8 153 21  -68 5.2e+26  7.07 201008121154A  
 2010/08/13  21:19:33.1  141.52  12.46   12.0  80 34  -84 2.8e+26  6.89 201008132119A  
 2010/09/03  16:35:47.8  172.12 -43.56   12.0 178 82    1 3.6e+26  6.97 201009031635A  
 2010/09/29  17:11:25.9  133.78  -4.92   17.7 185 43  -75 3.5e+26  6.96 201009291711A  
 2010/10/21  17:53:13.1 -109.29  24.83   14.2  41 85   -1 1.3e+26  6.68 201010211753A  
 2010/10/25  14:42:22.5   99.32  -3.71   12.0 316  8   96 6.8e+27  7.82 201010251442A  
 2010/11/30  03:24:41.6  139.26  28.69  460.6  76 31 -157 1.9e+26  6.78 201011300324A  
 2010/12/02  03:12:09.8  149.90  -6.30   48.6 265 38   88 1.0e+26  6.60 201012020312A  
 2010/12/20  18:41:59.0   59.11  28.10   14.8  36 87  180 8.3e+25  6.54 201012201841A  
 2010/12/21  17:19:40.7  143.76  27.10   15.6 110 40 -137 1.8e+27  7.43 201012211719A  
 2010/12/25  13:16:37.0  168.04 -19.67   16.6   1 48  -61 1.1e+27  7.30 201012251316A  
 2011/01/01  09:56:58.1  -63.21 -27.02  586.0 360 20  -64 4.4e+26  7.02 201101010956A  
 2011/01/02  20:20:17.7  -73.84 -38.71   19.4   5 13   97 6.3e+26  7.13 201101022020A  
 2011/01/09  10:03:44.3  168.13 -19.20   12.9 298 42  -64 7.2e+25  6.50 201101091003A  
 2011/01/12  21:32:55.2  139.94  26.94  511.5  84 31 -147 7.4e+25  6.51 201101122132A  
 2011/01/13  16:16:41.5  168.34 -20.68   17.2 341 38  -80 3.2e+26  6.93 201101131616A  
 2011/01/18  20:23:23.5   63.90  28.61   52.3  77 31  -60 8.8e+26  7.23 201101182023A  
 2011/02/10  14:39:27.7  122.91   4.14  520.9 217 20  -78 7.7e+25  6.52 201102101439A  
 2011/02/10  14:41:58.8  123.28   4.22  517.6 337  5   55 7.2e+25  6.50 201102101441A  
 2011/02/11  20:05:30.8  -73.56 -36.63   17.8  15 13  104 2.3e+26  6.84 201102112005A  
 2011/02/14  03:40:09.9  -73.61 -35.67   12.0  25 17  105 1.1e+26  6.62 201102140340A  
 2011/02/21  10:57:52.4  178.47 -25.95  567.5 281 21 -148 7.9e+25  6.53 201102211057A  
 2011/03/06  14:32:36.1  -26.68 -56.41  101.2 201 24  150 8.0e+25  6.53 201103061432A  
 2011/03/09  02:45:20.3  142.78  38.56   14.1 189 12   78 1.2e+27  7.32 201103090245A  
 2011/03/10  17:08:36.9  116.71  -6.95  516.9 288 41  -72 9.7e+25  6.59 201103101708A  
 2011/03/11  05:46:23.0  143.05  37.52   20.0 203 10   88 5.3e+29  9.08 201103110546A  
 2011/03/11  06:15:45.0  141.38  35.92   29.0 199 17   84 8.5e+27  7.88 201103110615A  
 2011/03/11  06:25:50.0  144.63  38.27   21.1 182 42 -100 3.1e+27  7.59 201103110625A  
 2011/03/24  13:55:11.9  100.02  20.62   13.2 339 79  175 2.3e+26  6.83 201103241355A  
 2011/04/03  20:06:40.4  107.72 -10.10   20.6  98 40 -112 1.6e+26  6.73 201104032006A  
 2011/04/07  13:11:22.4  -94.12  17.28  153.8 194 32  -27 1.4e+26  6.70 201104071311A  
 2011/04/07  14:32:43.3  141.85  38.32   53.3  19 37   83 5.9e+26  7.11 201104071432A  
 2011/04/11  08:16:12.7  140.54  37.00   12.0 295 39 -109 1.2e+26  6.65 201104110816A  
 2011/04/18  13:03:02.7 -179.83 -34.40   99.9 355 15 -111 7.9e+25  6.53 201104181303A  
 2011/04/23  04:16:54.7  161.32 -10.47   76.9 164 47  172 2.1e+26  6.82 201104230416A  
 2011/05/10  08:55:08.9  168.15 -20.29   18.2 354 42  -74 1.9e+26  6.79 201105100855A  
 2011/06/20  16:36:01.2  -68.63 -21.89  131.4 261 11   -9 7.7e+25  6.52 201106201635A  
 2011/06/22  21:50:52.3  142.51  39.99   41.3 178 22   83 1.6e+26  6.72 201106222150A  
 2011/06/24  03:09:39.5 -171.77  52.09   74.2  15 10 -160 9.5e+26  7.25 201106240309A  
 2011/07/06  19:03:18.3 -175.83 -29.22   22.3 163 36 -114 3.0e+27  7.58 201107061903A  
 2011/07/10  00:57:10.8  143.33  37.98   22.0  65 74   16 4.0e+26  7.00 201107100057A  
 2011/07/29  07:42:22.6  179.92 -23.78  539.0 100 33  120 1.5e+26  6.72 201107290742A  
 2011/07/31  23:38:56.6  144.63  -3.39   12.0  87 86    3 1.0e+26  6.61 201107312338A  
 2011/08/20  16:55:02.8  167.94 -18.52   33.5 342 29   93 6.3e+26  7.13 201108201655A  
 2011/08/20  17:13:06.4  167.88 -18.31   33.6 343 32   88 8.2e+25  6.54 201108201713A  
 2011/08/20  18:19:23.5  167.94 -18.26   36.0 343 33   94 4.6e+26  7.04 201108201819A  
 2011/08/24  17:46:11.6  -74.66  -7.68  144.4 197 40  -57 4.3e+26  7.02 201108241746A  
 2011/08/30  06:57:41.6  126.68  -6.47  468.7 352  9 -113 2.7e+26  6.88 201108300657A  
 2011/09/02  10:55:53.6 -171.56  51.91   39.4 132 38   32 2.4e+26  6.85 201109021055A  
 2011/09/02  13:47:09.6  -63.08 -28.56  597.3  70 34  -45 1.4e+26  6.69 201109021347A  
 2011/09/03  22:55:40.9  169.72 -20.79  151.6  19 29  160 4.4e+26  7.02 201109032255A  
 2011/09/05  17:55:11.2   97.86   2.88   94.6 101 11 -129 1.4e+26  6.69 201109051755A  
 2011/09/15  19:31:04.1 -179.21 -21.61  624.9 312 38   -7 1.2e+27  7.31 201109151931A  
 2011/09/16  19:26:41.0  143.22  40.20   22.5 179 19   68 1.3e+26  6.66 201109161926A  
 2011/09/18  12:40:51.8   88.35  27.44   46.0 216 72  -12 2.8e+26  6.89 201109181240A  
 2011/10/21  17:57:16.1 -175.72 -28.83   48.4 202 37   83 1.5e+27  7.38 201110211757A  
 2011/10/23  10:41:22.9   43.40  38.64   12.0 246 38   60 6.3e+26  7.13 201110231041A  
 2011/10/28  18:54:34.0  -76.12 -14.52   25.1 326 15   68 3.3e+26  6.94 201110281854A  
 2011/11/08  02:59:08.5  125.77  27.13  230.6 151 38 -119 3.0e+26  6.91 201111080259A  
 2011/11/22  18:48:16.3  -65.18 -15.40  553.8 163 11  102 8.9e+25  6.56 201111221848A  
 2011/12/14  05:04:59.3  146.83  -7.49  132.9  67 24   -4 5.3e+26  7.08 201112140504A  
 2011/12/27  15:21:56.8   95.91  51.78   19.5 344 67  171 1.4e+26  6.69 201112271521A  
 2012/01/01  05:27:56.0  138.17  31.61  352.0 114 18 -161 1.9e+26  6.78 201201010527A  
 2012/01/10  18:36:59.1   92.98   2.59   23.7 103 81 -173 7.6e+26  7.18 201201101837A  
 2012/01/15  13:40:19.5  -56.47 -60.62   13.6 129 75  -10 8.4e+25  6.55 201201151340A  
 2012/02/02  13:34:40.7  167.11 -17.69   20.5  51 51  -43 4.4e+26  7.03 201202021334A  
 2012/02/06  03:49:12.5  123.26  10.03   12.0  19 43   83 1.3e+26  6.66 201202060349A  
 2012/02/26  06:17:19.8   96.00  51.69   20.5 285 43   58 1.2e+26  6.65 201202260617A  
 2012/03/03  12:19:55.1  170.22 -22.33   24.1 349 79 -176 9.5e+25  6.58 201203031219A  
 2012/03/09  07:09:51.0  169.60 -19.06   12.0 136 43  -97 1.1e+26  6.63 201203090709A  
 2012/03/14  09:08:35.1  144.93  40.88   13.0 265 45 -101 3.3e+26  6.95 201203140908A  
 2012/03/20  18:02:47.5  -98.39  16.60   15.4 296 10   95 2.0e+27  7.46 201203201802A  
 2012/03/21  22:15:06.1  145.96  -6.26  127.1 322 43  -43 1.0e+26  6.60 201203212215A  
 2012/03/25  22:37:06.0  -72.41 -35.31   33.8  20 16  112 6.0e+26  7.11 201203252237A  
 2012/04/11  08:38:36.7   92.82   2.35   45.6  20 76    5 9.1e+28  8.57 201204110838A  
 2012/04/11  10:43:10.9   92.31   0.90   54.7 107 83 -177 2.9e+28  8.24 201204111043A  
 2012/04/11  22:55:10.2 -102.97  18.10   20.5 282 25   77 1.2e+26  6.65 201204112255A  
 2012/04/12  07:15:48.5 -112.76  28.57   15.8 131 74 -177 4.6e+26  7.04 201204120715A  
 2012/04/17  03:50:15.6  -71.69 -32.77   39.6   2 24   95 1.3e+26  6.68 201204170350A  
 2012/04/17  07:13:49.0  147.16  -5.66  208.6 260 43   52 2.4e+26  6.85 201204170713A  
 2012/04/21  01:16:52.7  134.33  -1.57   18.1  82 84    2 1.2e+26  6.66 201204210116A  
 2012/04/28  10:08:08.1 -174.26 -18.79  140.7  84 21  -73 1.2e+26  6.66 201204281008A  
 2012/05/28  05:07:23.5  -63.07 -28.25  591.6  28 23  -44 1.3e+26  6.68 201205280507A  
 2012/07/26  05:33:33.0   65.88 -17.47   24.8 148 83 -174 1.1e+26  6.61 201207260533A  
 2012/07/28  20:03:56.8  153.07  -4.85   57.8 299 36  123 7.6e+25  6.52 201207282004A  
 2012/08/14  02:59:38.5  145.70  49.97  598.2  27 33   59 4.8e+27  7.72 201208140259A  
 2012/08/26  15:05:37.1  126.81   2.16   91.2 210 63  150 9.0e+25  6.57 201208261505A  
 2012/08/27  04:37:19.4  -89.17  12.02   12.0 284 15   77 1.3e+27  7.33 201208270437A  
 2012/08/30  13:43:25.2   -9.84  71.44   23.6 111 83   -5 1.6e+26  6.74 201208301343A  
 2012/08/31  12:47:33.4  126.97  10.85   45.2 347 43   67 3.4e+27  7.62 201208311247A  
 2012/09/05  14:42:07.9  -85.64  10.00   29.7 308 17  102 3.4e+27  7.62 201209051442A  
 2012/09/30  16:31:36.0  -76.22   1.89  159.1 231 39 -113 9.0e+26  7.23 201209301631A  
 2012/10/09  12:32:09.8  153.39 -60.65   20.7 155 81   -5 9.1e+25  6.57 201210091232A  
 2012/10/12  00:31:28.3  133.97  -4.84   19.6  25 36  -67 9.1e+25  6.57 201210120031A  
 2012/10/28  03:04:08.8 -132.06  52.61   12.0 318 25  104 5.7e+27  7.77 201210280304A  
 2012/11/07  16:35:46.7  -92.43  14.11   21.3 291 25   81 1.4e+27  7.37 201211071635A  
 2012/11/11  01:12:38.9   96.03  22.73   16.8   0 55  178 2.4e+26  6.85 201211110112A  
 2012/12/07  08:18:24.3  144.09  38.01   57.8  38 51  138 7.9e+26  7.19 201212070818A  
 2012/12/07  08:18:24.3  143.83  37.77   19.5  18 40  -90 7.7e+26  7.19 201212070818B  
 2012/12/10  16:53:08.8  129.83  -6.65  159.2 309 48  166 5.6e+26  7.09 201212101653A  
 2012/12/21  22:28:08.6  167.17 -14.31  199.1 178 42  109 1.3e+26  6.68 201212212228A  
 2013/01/05  08:58:19.3 -134.97  55.69   13.8 333 60  179 2.5e+27  7.52 201301050858A  
 2013/01/30  20:15:43.3  -71.18 -28.09   45.8  31 30  119 1.8e+26  6.77 201301302015A  
 2013/02/02  14:17:35.1  143.24  42.85  105.3  45  7 -138 3.1e+26  6.93 201302021417A  
 2013/02/06  01:12:25.8  165.21 -11.18   20.2 320 20   89 9.4e+27  7.91 201302060112A  
 2013/02/06  01:23:19.8  164.86 -11.32   22.5 338 38  -96 5.5e+26  7.09 201302060123A  
 2013/02/06  01:54:14.6  165.56 -10.44   14.1  69 83  178 3.7e+26  6.98 201302060154A  
 2013/02/07  18:59:16.3  165.59 -10.94   15.2 262 56 -180 1.6e+26  6.73 201302071859A  
 2013/02/08  11:12:11.5  165.81 -10.91   12.2 160 89   -1 2.3e+26  6.83 201302081112A  
 2013/02/08  15:26:38.5  165.92 -10.72   23.6 267 82  175 4.7e+26  7.05 201302081526A  
 2013/02/09  14:16:07.9  -77.40   1.16  152.3 171 75  167 3.6e+26  6.97 201302091416A  
 2013/02/09  21:02:22.8  165.64 -10.93   18.8 257 67 -176 9.7e+25  6.59 201302092102A  
 2013/02/14  13:13:53.1  142.51  67.65   12.0 324 43  109 1.3e+26  6.67 201302141313A  
 2013/02/28  14:05:50.3  157.93  50.83   45.1 212 32   86 2.1e+26  6.81 201302281405A  
 2013/03/01  13:20:49.9  157.90  50.68   41.1 214 32   87 8.1e+25  6.53 201303011320A  
 2013/03/10  22:51:50.8  148.37  -6.71   12.0 177 73 -170 8.0e+25  6.53 201303102251A  
 2013/04/06  04:42:35.9  138.49  -3.33   73.6 339 56 -137 3.6e+26  6.97 201304060442A  
 2013/04/14  01:32:22.6  154.56  -6.74   28.9 311 27   88 8.0e+25  6.53 201304140132A  
 2013/04/16  10:44:20.2   62.21  27.89   50.8  80 35  -72 5.1e+27  7.73 201304161044A  
 2013/04/16  22:55:26.7  142.61  -3.13   18.4 107 32   37 1.0e+26  6.60 201304162255A  
 2013/04/19  03:05:52.7  150.92  46.00  104.5 134 20  -21 9.6e+26  7.25 201304190305A  
 2013/04/20  00:02:47.5  103.12  30.22   21.9 212 42  100 1.0e+26  6.60 201304200002A  
 2013/05/14  00:32:25.9  145.35  18.67  604.7  14 49  -30 2.1e+26  6.82 201305140032A  
 2013/05/23  17:19:04.8 -176.88 -23.19  188.1 161  9 -124 1.6e+27  7.40 201305231719A  
 2013/05/24  05:44:49.0  153.77  54.61  611.0 189 11  -93 3.9e+28  8.33 201305240544A  
 2013/05/24  14:56:31.5  151.48  52.36  642.4 231 28  -67 1.6e+26  6.73 201305241456A  
 2013/06/13  16:47:23.3  107.37 -10.15   12.6 118 37  -86 1.1e+26  6.62 201306131647A  
 2013/07/07  18:35:30.7  153.98  -4.10  382.9 319 47 -110 1.1e+27  7.30 201307071835A  
 2013/07/07  20:30:06.8  149.78  -6.21   52.8  34 39  112 8.8e+25  6.56 201307072030A  
 2013/07/15  14:03:39.9  -23.51 -61.05   21.5   3 72 -174 1.2e+27  7.33 201307151403A  
 2013/08/13  15:43:15.2  -78.19   5.77   20.9 119 61  -25 1.1e+26  6.62 201308131543A  
 2013/08/16  02:31:05.8  174.04 -41.76   12.0 235 58  168 7.8e+25  6.52 201308160231A  
 2013/08/30  16:25:02.8 -175.12  51.44   26.7 254 23  100 3.6e+26  6.96 201308301625B  
 2013/09/04  00:18:24.1  138.79  30.02  412.0  95 19 -146 7.3e+25  6.51 201309040018A  
 2013/09/04  02:32:30.8 -174.82  51.37   21.2 255 26  101 7.3e+25  6.51 201309040232A  
 2013/09/24  11:29:48.0   65.04  26.70   12.0 223 39    4 5.6e+27  7.76 201309241129A  
 2013/09/25  16:42:43.8  -74.81 -16.03   46.1 307 31   84 4.6e+26  7.04 201309251642A  
 2013/09/28  07:34:07.3   65.50  27.11   15.0 111 59  158 2.3e+26  6.84 201309280734A  
 2013/10/01  03:38:21.7  152.81  53.20  585.5 293 40  -44 1.5e+26  6.71 201310010338A  
 2013/10/12  13:11:53.3   23.37  35.37   15.0 339  3  130 1.7e+26  6.76 201310121311A  
 2013/10/15  00:12:32.0  123.96   9.84   12.0  42 40   80 5.6e+26  7.10 201310150012A  
 2013/10/16  10:30:58.5  154.93  -6.69   45.8 307 43   85 1.8e+26  6.77 201310161031A  
 2013/10/19  17:54:54.7 -110.53  26.19   15.9 132 84  176 8.9e+25  6.56 201310191754A  
 2013/10/24  19:25:10.9  -13.70 -58.42   22.7 263 87   -1 1.1e+26  6.64 201310241925A  
 2013/10/25  17:10:19.7  144.66  37.17   24.9 171 43 -107 6.4e+26  7.14 201310251710A  
 2013/11/16  03:34:31.2  -47.00 -60.54   16.9  96 66    2 2.6e+26  6.87 201311160334A  
 2013/11/17  09:04:55.5  -45.32 -60.49   23.8 102 44    3 5.8e+27  7.77 201311170904A  
 2013/11/25  06:27:33.3  -54.59 -54.05   16.0 158 80 -171 3.1e+26  6.92 201311250627B  
 2014/01/01  16:03:29.0  167.10 -13.89  198.2 181 47  114 8.0e+25  6.53 201401011603A  
 2014/02/12  09:19:49.1   82.57  36.22   18.3 332 85 -176 2.9e+26  6.90 201402120919A  
 2014/03/10  05:18:13.4 -125.23  40.80   15.0 230 86   -2 2.9e+26  6.91 201403100518A  
 2014/03/16  21:16:29.6  -70.92 -19.94   12.0 284 26   54 1.3e+26  6.67 201403162116A  
 2014/04/01  23:46:47.3  -70.81 -19.70   21.6 355 15  106 1.9e+28  8.12 201404012346A  
 2014/04/01  23:57:58.8  -71.39 -19.85   20.6 347 26   81 4.0e+26  6.99 201404012358A  
 2014/04/03  01:58:30.5  -70.88 -20.34   33.7 354 23   96 9.6e+25  6.59 201404030158A  
 2014/04/03  02:43:11.2  -70.60 -20.43   28.7 358 14  103 4.9e+27  7.72 201404030243A  
 2014/04/11  07:07:23.1  155.09  -6.78   44.1 310 42   87 5.1e+26  7.07 201404110707A  
 2014/04/11  20:29:13.0  -86.22  11.70  141.8 314 12   79 1.0e+26  6.61 201404112029A  
 2014/04/12  20:14:39.3  162.24 -11.35   27.3  17 63  159 3.3e+27  7.61 201404122014A  
 2014/04/13  12:36:19.2  161.97 -11.45   37.5  91 43   77 1.8e+27  7.43 201404131236A  
 2014/04/13  13:24:59.7  162.17 -11.02   24.0 277 34   31 1.1e+26  6.62 201404131325A  
 2014/04/15  03:57:01.4    9.24 -53.65   16.4 128 81    5 2.2e+26  6.82 201404150357A  
 2014/04/18  14:27:25.0 -101.25  17.55   18.9 303 18   98 1.0e+27  7.26 201404181427A  
 2014/04/19  01:04:03.8  154.99  -6.92   35.8 304 33   84 9.7e+25  6.59 201404190104A  
 2014/04/19  13:28:00.8  154.67  -6.64   36.0 311 35   87 2.3e+27  7.50 201404191328A  
 2014/04/24  03:10:10.1 -127.59  49.65   17.4 247 68    3 9.5e+25  6.58 201404240310A  
 2014/05/01  06:36:35.5  170.12 -21.52  119.5   4 42  174 1.0e+26  6.61 201405010636A  
 2014/05/04  09:15:52.9  179.12 -24.67  529.6 127 50 -122 9.0e+25  6.57 201405040915A  
 2014/05/24  09:25:03.1   25.67  40.30   12.0  73 85 -177 2.5e+26  6.86 201405240925A  
 2014/06/23  19:19:15.9 -177.13 -30.03   26.4 196 24   92 2.6e+26  6.88 201406231919A  
 2014/06/23  20:06:20.7 -177.30 -29.94   36.8 200 27   97 1.4e+26  6.69 201406232006A  
 2014/06/23  20:53:09.7  178.43  52.00  104.3 207 27  -13 9.7e+27  7.92 201406232053A  
 2014/06/29  07:52:55.2  -28.31 -55.34   21.0  91 25   35 2.4e+26  6.85 201406290752A  
 2014/06/29  17:15:09.3 -175.52 -15.00   15.3  13 86 -176 1.1e+26  6.63 201406291715A  
 2014/07/07  11:23:54.8  -92.70  14.80   62.9 146 27  -82 2.8e+26  6.90 201407071123A  
 2014/07/11  19:22:00.8  142.39  36.97   12.0 185 27 -107 7.8e+25  6.53 201407111922A  
 2014/07/21  14:54:41.0 -178.32 -19.68  627.1 292  8  -29 2.9e+26  6.91 201407211454A  
 2014/08/03  00:22:03.7  146.23   0.89   19.4  75 74    3 2.3e+26  6.84 201408030022A  
 2014/08/24  23:21:45.5  -73.72 -14.61   84.5 195 45  -73 2.2e+26  6.83 201408242321A  
 2014/09/17  06:14:45.4  144.51  13.54  140.4 306 36  -60 1.7e+26  6.75 201409170614A  
 2014/10/09  02:14:31.4 -110.81 -32.34   12.0  90 39   69 3.3e+26  6.94 201410090214A  
 2014/10/09  02:32:05.1 -111.07 -32.38   17.8 133 74 -172 8.7e+25  6.56 201410090232A  
 2014/10/14  03:51:34.5  -88.45  12.33   40.8 124 23  -94 1.1e+27  7.28 201410140351A  
 2014/11/01  18:57:22.4 -177.61 -19.76  445.4 130 19  147 5.7e+26  7.10 201411011857A  
 2014/11/07  03:33:55.3  148.36  -6.40   41.9 265 32   82 1.1e+26  6.63 201411070333A  
 2014/11/15  02:31:41.7  126.37   1.98   38.1  42 35  110 4.8e+26  7.05 201411150231A  
 2014/11/16  22:33:20.5  179.74 -37.51   20.9  42 34  -82 1.3e+26  6.68 201411162233A  
 2014/11/21  10:10:19.6  127.08   2.60   30.1 177 42  118 8.1e+25  6.54 201411211010A  
 2014/11/26  14:33:43.6  126.44   2.11   35.2  40 33  103 1.8e+26  6.77 201411261433A  
 2014/12/02  05:11:31.0  123.17   6.31  631.7 284 19    3 9.3e+25  6.58 201412020511A  
 2014/12/07  01:22:02.2  154.41  -6.62   17.2 330 19   98 9.2e+25  6.57 201412070122A  
 2014/12/08  08:54:52.5  -82.63   7.98   20.4 307 29   86 8.8e+25  6.56 201412080854A  
 2015/01/23  03:47:27.1  168.36 -17.06  231.0 107 57  145 1.9e+26  6.78 201501230347A  
 2015/02/11  18:57:22.5  -66.80 -23.14  223.0 168 19 -104 1.3e+26  6.68 201502111857A  
 2015/02/13  18:59:12.2  -32.74  52.70   25.2 187 80   -2 5.1e+26  7.07 201502131859A  
 2015/02/16  23:06:28.3  143.22  39.78   22.2 182 18   68 1.6e+26  6.73 201502162306B  
 2015/02/27  13:45:05.4  122.50  -7.35  551.5  38 51  -14 3.6e+26  6.97 201502271345A  
 2015/03/29  23:48:31.0  152.59  -5.18   37.6 260 29   90 1.9e+27  7.45 201503292348A  
 2015/04/25  06:11:26.3   85.33  27.91   12.0 287  6   96 8.4e+27  7.88 201504250611A  
 2015/04/25  06:45:21.3   84.93  27.86   21.0 308 23  131 1.2e+26  6.66 201504250645A  
 2015/04/26  07:09:10.7   85.95  27.56   20.6 289 14   98 1.4e+26  6.69 201504260709A  
 2015/04/30  10:45:02.9  151.83  -5.58   38.3 243 39   83 1.0e+26  6.61 201504301045A  
 2015/05/01  08:06:03.5  151.76  -5.47   49.3 240 42   70 1.6e+26  6.73 201505010806A  
 2015/05/05  01:44:06.4  152.10  -5.32   38.3 245 33   77 1.9e+27  7.45 201505050144A  
 2015/05/07  07:10:19.6  154.49  -7.36   12.0 292 41 -106 3.7e+26  6.98 201505070710A  
 2015/05/12  07:05:19.7   86.08  27.67   12.0 307 11  117 8.8e+26  7.23 201505120705A  
 2015/05/12  21:12:58.9  142.29  38.89   43.9 186 23   73 2.0e+26  6.80 201505122112A  
 2015/05/19  15:25:21.1 -132.39 -54.53   14.9 110 77   -7 1.1e+26  6.62 201505191525A  
 2015/05/20  22:48:53.4  163.91 -10.78   19.0 252 53    5 1.9e+26  6.79 201505202248A  
 2015/05/22  21:45:18.7  163.54 -10.90   15.3 252 58   -5 3.4e+26  6.95 201505222145A  
 2015/05/22  23:59:33.8  163.22 -10.97   15.3 255 59   -3 2.4e+26  6.86 201505222359A  
 2015/05/29  07:00:09.2 -156.52  56.71   81.1  95 61   19 2.0e+26  6.79 201505290700A  
 2015/05/30  11:23:02.1  140.56  27.94  680.7  36 25  -39 7.6e+27  7.85 201505301123A  
 2015/06/17  12:51:32.8  -16.40 -35.38   21.8  77 83    1 3.0e+26  6.91 201506171251A  
 2015/06/23  12:18:30.3  139.85  27.68  458.5 107 38 -141 7.5e+25  6.51 201506231218A  
 2015/07/10  04:12:42.5  158.33  -9.40   14.6 264 83   -6 1.4e+26  6.70 201507100412A  
 2015/07/18  02:27:33.8  165.10 -10.35   12.3  88 44 -108 3.1e+26  6.92 201507180227A  
 2015/07/27  04:49:46.4 -169.42  52.21   27.1 242 22   88 2.8e+26  6.90 201507270449A  
 2015/07/27  21:41:21.7  138.44  -2.53   40.6 327 42  117 3.6e+26  6.96 201507272141A  
 2015/08/10  04:12:15.8  158.07  -9.35   12.0   6 80 -177 9.9e+25  6.60 201508100412A  
 2015/09/13  08:14:12.2 -109.53  25.09   14.9 130 89 -180 9.9e+25  6.59 201509130814A  
 2015/09/16  22:54:32.9  -72.09 -31.13   17.4   7 19  109 3.2e+28  8.27 201509162254A  
 2015/09/16  23:18:41.8  -71.95 -31.79   35.7 349 30   87 5.6e+26  7.10 201509162318A  
 2015/09/17  04:10:27.8  -71.94 -31.65   36.6 355 30   94 1.7e+26  6.76 201509170410A  
 2015/09/21  17:40:00.1  -71.81 -31.77   39.0   1 28   92 9.6e+25  6.59 201509211739A  
 2015/09/24  15:53:27.7  131.23  -0.62   18.9 301 44   92 9.4e+25  6.58 201509241553A  
 2015/10/20  21:52:02.6  167.19 -14.88  140.9 189 58  147 5.7e+26  7.10 201510202152A  
 2015/10/26  09:09:42.6   70.42  36.55  209.4 279 21   85 2.2e+27  7.50 201510260909A  
 2015/11/04  03:44:15.2  124.95  -8.20   12.0 113 56 -159 8.2e+25  6.54 201511040344A  
 2015/11/07  07:31:43.8  -71.66 -30.99   43.4 359 33   97 1.5e+26  6.71 201511070731A  
 2015/11/08  16:47:02.2   94.78   6.76   14.8 144 78 -175 8.4e+25  6.55 201511081647A  
 2015/11/11  01:54:38.6  -72.18 -29.47   12.4   2 22   93 1.9e+26  6.79 201511110154A  
 2015/11/11  02:46:19.8  -72.29 -29.70   12.0 358 21   90 2.0e+26  6.79 201511110246A  
 2015/11/13  20:51:31.0  128.67  31.13   12.0 101 75   -4 1.7e+26  6.75 201511132051B  
 2015/11/17  07:10:07.3   20.53  38.47   15.0  22 64  179 7.2e+25  6.50 201511170710A  
 2015/11/18  18:31:04.6  158.44  -9.11   21.5 297 28   47 2.3e+26  6.83 201511181831A  
 2015/11/24  22:45:38.1  -71.12 -10.73  610.7 350 39  -80 2.6e+27  7.54 201511242245A  
 2015/11/24  22:50:53.8  -71.28 -10.11  627.3 350 30  -81 3.7e+27  7.64 201511242250A  
 2015/11/26  05:45:18.4  -71.35  -9.14  614.1 344 27  -95 1.3e+26  6.68 201511260545A  
 2015/12/04  22:25:00.1   85.23 -47.74   28.9  42 47  -58 5.5e+26  7.09 201512042224A  
 2015/12/07  07:50:07.5   72.91  38.39   12.0 212 80   -7 7.6e+26  7.19 201512070750A  
 2015/12/09  10:21:48.5  129.51  -4.16   12.2 116 44   94 1.9e+26  6.79 201512091021A  
 2015/12/17  19:49:53.0  -93.60  15.84   73.4 169 15  -55 8.7e+25  6.56 201512171949A  
 2016/01/03  23:05:22.3   93.47  24.71   52.4 338 49  165 1.5e+26  6.72 201601032305A  
 2016/01/14  03:25:33.6  142.78  42.00   54.1 211 25   97 1.2e+26  6.65 201601140325B  
 2016/01/21  18:06:57.7 -107.17  18.91   15.7 199 88    1 8.5e+25  6.55 201601211806A  
 2016/01/24  10:30:30.2 -153.27  59.75  110.7 313 59  152 5.9e+26  7.11 201601241030A  
 2016/01/30  03:25:12.2  158.73  53.86  168.1 324 39  -29 8.6e+26  7.22 201601300325A  
 2016/03/02  12:49:48.1   94.22  -4.75   37.2 275 87  180 5.9e+27  7.78 201603021249A  
 2016/04/03  08:23:52.3  166.66 -14.27   34.8   4 45  111 2.2e+26  6.82 201604030823A  
 2016/04/06  06:58:48.2  166.59 -14.06   32.4 358 43  107 1.3e+26  6.67 201604060658A  
 2016/04/07  03:32:53.5  166.54 -13.92   31.5 353 41  104 1.2e+26  6.64 201604070332A  
 2016/04/10  10:28:58.7   71.04  36.44  210.8 279 38  106 1.1e+26  6.63 201604101028A  
 2016/04/13  13:55:17.8   94.78  23.02  149.8 129 39  124 3.2e+26  6.93 201604131355A  
 2016/04/15  16:25:06.2  130.77  32.84   12.9 128 71  -14 4.5e+26  7.03 201604151625A  
 2016/04/16  23:58:36.9  -80.25  -0.12   22.3  27 21  124 5.9e+27  7.78 201604162358A  
 2016/04/28  19:33:24.1  167.26 -16.05   33.5 328 36   84 3.6e+26  6.97 201604281933A  
 2016/04/29  01:33:38.9 -103.90  10.42   15.0 258 89    1 1.0e+26  6.61 201604290133A  
 2016/05/18  07:57:02.7  -80.04   0.43   27.5  28 18  123 1.4e+26  6.70 201605180757A  
 2016/05/18  16:46:43.9  -80.02   0.30   33.6  28 21  123 2.5e+26  6.87 201605181646A  
 2016/05/28  05:38:50.5 -178.17 -22.13  417.5 198 19 -110 3.0e+26  6.91 201605280538B  
 2016/05/28  09:46:59.8  -26.50 -56.24   68.7 223 38 -142 7.5e+26  7.18 201605280947A  
 2016/06/01  22:56:00.8  100.57  -2.18   28.9 106  0 -138 1.3e+26  6.67 201606012256A  
 2016/07/29  21:18:24.7  145.70  18.50  208.9 192 34  132 4.7e+27  7.71 201607292118A  
 2016/08/12  01:26:36.3  173.07 -22.56   21.8 288 75  176 7.0e+26  7.16 201608120126A  
 2016/08/19  07:32:22.7  -31.41 -55.16   22.1 116 24   70 1.9e+27  7.46 201608190732A  
 2016/08/24  10:34:54.6   94.58  20.79   88.3 338  7   84 1.7e+26  6.75 201608241034A  
 2016/08/29  04:29:57.9  -17.72   0.13   26.8  79 77  176 5.7e+26  7.10 201608290430A  
 2016/08/31  03:11:34.4  152.86  -3.58  491.0  88 15  -35 1.8e+26  6.77 201608310311A  
 2016/09/01  16:37:57.3  179.03 -37.19   27.8 354 20 -134 5.0e+26  7.07 201609011637A  
 2016/09/24  21:28:41.7 -178.15 -19.77  606.8   4  5   39 3.0e+26  6.91 201609242128A  
 2016/10/17  06:14:58.3  148.92  -6.25   52.2 267 43   87 1.6e+26  6.74 201610170614A  
 2016/10/19  00:26:01.1  108.07  -4.95  622.8 117 47 -127 1.0e+26  6.60 201610190026A  
 2016/10/30  06:40:18.7   13.16  42.75   12.0 154 37  -96 9.6e+25  6.58 201610300640A  
 2016/11/13  11:02:56.3  173.85 -42.03   18.8 226 33  141 6.7e+27  7.81 201611131102A  
 2016/11/21  20:59:49.3  141.46  37.31   12.0  49 35  -89 3.2e+26  6.93 201611212059A  
 2016/11/24  18:43:47.7  -89.20  11.83   12.0 306 40  -91 3.2e+26  6.93 201611241843A  
 2016/11/25  14:24:30.7   74.14  39.27   19.1 110 78 -177 1.1e+26  6.63 201611251424A  
 2016/12/06  22:03:33.4   96.22   5.28   17.5  55 66  -10 8.8e+25  6.56 201612062203A  
 2016/12/08  14:49:45.9 -126.46  40.46   20.8 272 76 -176 1.1e+26  6.64 201612081450A  
 2016/12/08  17:38:46.3  161.12 -10.46   45.5 285 50   57 6.3e+27  7.80 201612081738A  
 2016/12/08  21:56:07.5  161.29 -10.77   23.2 314 33   66 8.3e+25  6.54 201612082156A  
 2016/12/09  19:10:06.8  161.06 -10.95   12.0 327 22  100 3.0e+26  6.91 201612091910A  
 2016/12/17  10:51:10.5  153.76  -5.55   52.8 140 39   95 8.3e+27  7.87 201612171051A  
 2016/12/17  11:27:36.2  153.71  -5.87   33.6 326 41  107 9.7e+25  6.59 201612171127A  
 2016/12/21  00:17:15.0  127.93  -7.64  161.8 321 47  144 1.3e+26  6.68 201612210017A  
 2016/12/25  14:22:27.0  -74.43 -43.41   32.8   4 19   96 2.8e+27  7.57 201612251422A  
 2017/01/03  21:52:30.7  176.00 -19.28   17.3 201 44  -96 3.1e+26  6.93 201701032152A  
 2017/01/10  06:13:48.1  122.78   4.57  621.5 269 16   -1 1.0e+27  7.26 201701100613A  
 2017/01/22  04:30:23.0  154.94  -6.03  149.6 298 40   81 8.6e+27  7.89 201701220430A  
 2017/02/24  17:28:44.8 -178.77 -23.44  417.9 140 13 -144 3.3e+26  6.94 201702241728A  
 2017/03/29  04:09:24.2  163.15  57.00   17.1  19 41   76 1.0e+26  6.60 201703290409A  
 2017/04/24  21:38:30.8  -72.07 -33.13   26.0   3 16   94 2.4e+26  6.85 201704242138A  
 2017/04/28  20:23:17.3  124.89   5.49   31.4 312 44   74 2.4e+26  6.85 201704282023A  
 2017/05/09  13:52:11.0  167.20 -14.55  181.4 177 49  125 1.8e+26  6.77 201705091352A  
 2017/05/29  14:35:21.5  120.40  -1.24   12.0 111 34  -78 9.4e+25  6.58 201705291435A  
 2017/06/02  22:24:47.4  170.83  54.14   13.1  39 86   -1 1.6e+26  6.74 201706022224A  
 2017/06/14  07:29:04.7  -92.17  14.92   72.7 137 15  -83 3.3e+26  6.95 201706140729A  
 2017/06/22  12:31:03.5  -91.38  13.57   38.1 295 33   84 1.8e+26  6.77 201706221231A  
 2017/07/11  07:00:01.2  163.99 -49.24   32.0  26 52  147 8.4e+25  6.55 201707110659A  
 2017/07/17  23:34:13.9  169.78  54.13   23.2 307 85 -178 5.4e+27  7.75 201707172334A  
 2017/07/20  22:31:11.2   27.56  36.79   12.0 278 36  -82 1.2e+26  6.64 201707202231A  
 2017/08/18  02:59:25.6  -14.15  -0.87   22.2 258 80 -171 1.1e+26  6.62 201708180259A  
 2017/09/08  04:49:19.2  -94.66  15.38   44.8 150 12  -78 2.8e+28  8.23 201709080449A  
 2017/09/19  18:14:38.1  -98.63  18.59   51.0 300 44  -83 6.5e+26  7.14 201709191814A  
 2017/10/08  22:34:33.5  176.82  52.37  121.1 219 40    6 8.5e+25  6.55 201710082234A  
 2017/10/10  18:53:27.8    8.92 -53.89   16.4 128 80   -3 1.5e+26  6.72 201710101853A  
 2017/10/24  10:47:47.9  123.02  -7.25  556.8  93 44  -52 1.5e+26  6.72 201710241047A  
 2017/10/31  00:42:08.7  169.14 -21.61   12.6 329 23   91 1.4e+26  6.70 201710310042A  
 2017/11/01  02:23:57.7  168.79 -21.64   12.0 321 36  -88 7.6e+25  6.52 201711010223A  
 2017/11/04  09:00:19.4 -173.09 -15.06   35.0 185 41  166 1.5e+26  6.71 201711040900A  
 2017/11/12  18:18:17.2   45.84  34.83   17.9 351 11  140 1.6e+27  7.40 201711121818A  
 2017/11/13  02:28:23.7  -84.58   9.45   29.6 294 24   86 9.9e+25  6.59 201711130228A  
 2017/11/19  22:43:29.2  168.67 -21.45   12.0 335 34  -86 3.5e+26  6.96 201711192243A  
 2017/12/15  16:47:58.2  108.11  -7.91  109.4  52 56  162 8.5e+25  6.55 201712151647A  
 2018/01/10  02:51:33.3  -83.86  17.56   16.5  76 87    3 2.4e+27  7.51 201801100251A  
 2018/01/14  09:18:45.5  -74.78 -15.95   40.9 305 38   79 6.1e+26  7.12 201801140918A  
 2018/01/23  09:31:40.9 -149.12  56.22   33.6 257 64    4 9.6e+27  7.92 201801230931A  
 2018/01/28  16:03:04.0    9.95 -53.06   12.0 132 71   -4 7.4e+25  6.51 201801281603A  
 2018/02/16  23:39:39.5  -97.88  16.53   20.0 292 13   83 7.0e+26  7.16 201802162339A  
 2018/02/25  17:44:44.1  142.97  -6.29   12.0 307 29  105 2.0e+27  7.47 201802251744A  
 2018/03/06  14:13:07.7  142.49  -6.43   12.0 295 20   82 1.3e+26  6.67 201803061413A  
 2018/03/08  17:39:51.1  153.26  -4.37   33.0 309 74   15 1.8e+26  6.77 201803081739A  
 2018/03/26  09:51:00.4  151.37  -5.69   50.0 240 41   71 1.4e+26  6.68 201803260951A  
 2018/03/29  21:25:36.8  151.60  -5.67   42.2 244 38   85 2.8e+26  6.89 201803292125A  
 2018/04/02  13:40:34.8  -62.81 -20.63  569.1 333 36 -108 2.2e+26  6.82 201804021340A  
 2018/05/04  22:32:54.4 -154.76  19.12   12.0 238 19  106 2.6e+26  6.88 201805042232A  
 2018/08/05  11:46:38.6  116.24  -8.33   17.8  96 21  103 3.2e+26  6.94 201808051146A  
 2018/08/15  21:56:56.8 -177.81  51.25   35.8 262 26  115 9.0e+25  6.57 201808152156A  
 2018/08/17  15:35:01.9  119.75  -7.31  538.9 246 10  120 7.3e+25  6.51 201808171535A  
 2018/08/19  00:19:40.7 -177.85 -17.86  555.0 210 21  -74 2.5e+28  8.20 201808190019A  
 2018/08/19  14:56:27.5  116.75  -8.40   23.5  97 25  102 3.1e+26  6.93 201808191456A  
 2018/08/21  21:31:47.6  -63.05  10.76  159.9 212 35   43 1.0e+27  7.26 201808212131A  
 2018/08/21  22:32:26.5  168.23 -16.00   28.8 177 40   89 8.9e+25  6.56 201808212232A  
 2018/08/24  09:04:08.2  -70.82 -11.18  627.7 335 33  -94 5.4e+26  7.09 201808240904A  
 2018/08/29  03:51:56.7  169.82 -22.29   17.7 320 27   95 2.8e+26  6.90 201808290351A  
 2018/09/05  18:07:59.2  142.04  42.75   30.8 140 25   64 1.2e+26  6.65 201809051807A  
 2018/09/06  15:49:18.7  179.86 -18.24  686.6 305 57   14 8.5e+27  7.88 201809061549A  
 2018/09/09  19:31:35.1  161.48 -10.16   70.6 102 48   43 7.6e+25  6.52 201809091931A  
 2018/09/10  04:19:02.6 -179.16 -31.92  117.3 149 41 -160 3.3e+26  6.95 201809100418A  
 2018/09/28  10:02:45.2  119.86  -0.72   12.0 348 57  -15 2.8e+27  7.56 201809281002A  
 2018/09/30  10:52:23.0 -178.11 -18.31  564.2 255 23  -39 1.3e+26  6.67 201809301052A  
 2018/10/10  20:48:20.1  151.20  -5.98   39.4 242 34   72 3.8e+26  6.98 201810102048A  
 2018/10/10  23:16:02.1  156.66  49.18   21.6 213 29   89 7.1e+25  6.50 201810102316A  
 2018/10/13  11:10:22.4  153.43  52.71  473.4  99 42 -156 1.4e+26  6.68 201810131110A  
 2018/10/16  01:03:43.6  169.52 -21.74   15.1 353  6  131 1.2e+26  6.65 201810160103A  
 2018/10/22  06:16:26.5 -129.89  49.14   16.1 218 87   -1 1.7e+26  6.75 201810220616A  
 2018/10/25  22:54:52.6   20.60  37.27   16.0  11 28  165 2.3e+26  6.84 201810252254A  
 2018/11/09  01:49:40.0  -10.81  71.51   15.3 202 76 -169 2.0e+26  6.80 201811090149A  
 2018/11/18  20:25:46.6 -178.79 -17.86  554.8  39 58 -177 1.7e+26  6.75 201811182025A  
 2018/11/30  17:29:29.3 -150.02  61.49   48.2   7 26  -91 4.8e+26  7.05 201811301729A  
 2018/12/05  04:18:08.4  169.25 -21.95   17.8 312 36  -90 2.5e+27  7.53 201812050418A  
 2018/12/05  06:43:04.1  169.81 -21.98   18.1 314 28   80 1.4e+26  6.69 201812050643A  
 2018/12/11  02:26:29.5  -25.68 -58.58  147.1 112 26    9 5.6e+26  7.10 201812110226A  
 2018/12/20  17:01:55.2  164.75  54.94   17.6  58 68  -19 8.8e+26  7.23 201812201701A  
 2018/12/29  03:39:09.7  126.91   5.87   54.4  34 46  134 3.7e+26  6.98 201812290339A  
 2019/01/05  19:25:38.5  -71.68  -8.10  588.1 349 36  -77 1.8e+26  6.76 201901051925A  
 2019/01/06  17:27:19.0  126.63   2.48   34.9  18 34   79 1.1e+26  6.62 201901061727A  
 2019/01/15  18:06:34.3  166.50 -13.41   39.0 178 39   99 7.9e+25  6.53 201901151806A  
 2019/01/20  01:32:52.5  -71.39 -30.18   60.7 187 39 -106 1.1e+26  6.63 201901200132A  
 2019/01/22  19:01:43.6   42.17 -43.01   18.5  75 41  -92 1.2e+26  6.64 201901221901A  
 2019/02/01  16:14:12.2  -92.46  14.86   45.7 202  8  -17 1.2e+26  6.65 201902011614A  
 2019/02/22  10:17:23.8  -77.09  -2.26  121.1 163 26  -55 2.1e+27  7.48 201902221017A  
 2019/03/01  08:50:42.6  -70.14 -14.78  273.6 144 20  -47 4.3e+26  7.02 201903010850A  
 2019/04/09  17:53:58.4  -24.60 -58.71   42.6 293 40  135 7.8e+25  6.52 201904091754A  
 2019/04/12  11:40:49.3  122.56  -1.85   12.0  43 83 -175 1.8e+26  6.76 201904121140A  
 2019/05/06  21:19:38.0  146.49  -7.06  128.0 265 22 -112 6.3e+26  7.13 201905062119A  
 2019/05/14  12:58:25.9  152.52  -4.03   22.1  47 86  179 2.8e+27  7.56 201905141258A  
 2019/05/26  07:41:15.1  -75.36  -5.25  126.6 166 33  -94 1.2e+28  7.99 201905260741A  
 2019/05/30  09:03:31.1  -89.55  13.07   45.7  77 30 -139 9.8e+25  6.59 201905300903A  
 2019/06/15  22:55:04.1 -177.79 -30.93   47.6 201 31   97 1.1e+27  7.29 201906152254A  
 2019/06/24  02:53:39.8  129.17  -6.51  219.6 160 74 -172 9.7e+26  7.26 201906240253A  
 2019/07/06  03:19:53.0 -117.58  35.78   12.0 321 81  180 4.4e+26  7.02 201907060319A  
 2019/07/07  15:08:40.5  126.10   0.55   30.5 342 51   35 2.9e+26  6.91 201907071508A  
 2019/07/14  05:39:23.4  120.29 -18.15   22.2 116 86    3 1.3e+26  6.67 201907140539A  
 2019/07/14  09:10:51.6  128.13  -0.72   12.0 124 84    0 7.6e+26  7.18 201907140910A  
 2019/07/31  15:02:33.8  167.85 -16.28  187.8 191 63  154 1.1e+26  6.61 201907311502A  
 2019/08/01  18:28:07.3  -72.24 -34.32   25.0  19 14  106 1.9e+26  6.78 201908011828A  
 2019/08/02  12:03:27.0  104.85  -7.40   51.9 200 45   55 2.7e+26  6.88 201908021203A  
 2019/08/27  23:55:19.2  -25.82 -60.54   28.6 337 62  166 8.9e+25  6.56 201908272355A  
 2019/09/01  15:54:20.4 -178.51 -20.40  613.8 233 16  -78 1.3e+26  6.67 201909011554A  
 2019/09/29  15:57:53.2  -73.10 -35.56   16.7  16 12  106 1.5e+26  6.72 201909291557A  
 2019/10/29  01:04:43.9  125.05   6.87   18.0 323 81    5 1.0e+26  6.60 201910290104A  
 2019/11/04  22:43:32.3 -175.35 -18.38   12.2 287 88 -180 1.1e+26  6.64 201911042243A  
 2019/11/08  10:44:44.3 -179.42 -21.94  599.2 114 17 -172 8.4e+25  6.55 201911081044A  
 2019/11/14  16:17:40.6  126.32   1.66   29.6  15 39   67 5.4e+26  7.09 201911141617A  
 2019/12/15  06:11:51.2  125.14   6.72   12.0 320 74   13 1.6e+26  6.73 201912150611A  
 2020/01/24  17:55:14.1   39.02  38.29   12.0 245 67  -10 1.8e+26  6.76 202001241755A  
 2020/01/28  19:10:24.9  -79.55  19.33   23.9 347 85 -177 4.3e+27  7.69 202001281910A  
 2020/02/13  10:33:44.5  148.94  45.42  150.9 100 15  -50 3.6e+26  6.97 202002131033B  
 2020/03/25  02:49:21.2  157.87  49.11   52.6  32 43  103 2.1e+27  7.47 202003250249A  
 2020/04/18  08:25:37.0  140.08  27.12  455.0 125 53 -133 9.7e+25  6.59 202004180825A  
 2020/05/02  12:51:05.6   25.64  34.05   12.0 258 23   72 1.0e+26  6.60 202005021251A  
 2020/05/06  13:53:55.9  129.88  -6.82  113.0  93 51   41 2.3e+26  6.84 202005061353A  
 2020/05/12  22:41:12.2  166.42 -12.14  126.3 333 40   78 8.7e+25  6.56 202005122241A  
 2020/06/03  07:35:36.4  -68.44 -23.22  108.6 155 30  -88 1.9e+26  6.79 202006030735A  
 2020/06/04  08:49:40.4  128.15   2.98  121.3 126 55   12 7.2e+25  6.50 202006040849A  
 2020/06/13  15:51:24.1  128.38  28.79  170.9 124 38 -146 1.3e+26  6.67 202006131551A  
 2020/06/18  12:49:53.8 -177.55 -33.39   37.1 124 66 -160 1.6e+27  7.39 202006181249A  
 2020/06/23  15:29:04.3  -96.07  16.02   21.5 268 16   61 1.5e+27  7.37 202006231529A  
 2020/07/06  22:54:47.5  110.55  -5.69  535.0  92 37 -124 1.3e+26  6.67 202007062254A  
 2020/07/17  02:50:22.2  147.74  -7.84   71.6  52 30  -10 5.3e+26  7.08 202007170250A  
 2020/07/22  06:12:44.7 -159.28  54.83   36.3 243 17   92 7.4e+27  7.84 202007220612A  
 2020/08/18  00:03:48.6  123.98  12.04   12.0 323 87    1 1.1e+26  6.62 202008180003A  
 2020/08/18  22:23:59.5  100.99  -4.56   23.0 321 17  105 1.3e+26  6.68 202008182223A  
 2020/08/18  22:29:24.7  100.86  -4.47   25.0 328 11  112 3.5e+26  6.96 202008182229A  
 2020/08/21  04:09:51.9  123.52  -6.64  636.6  85 45  -73 2.8e+26  6.89 202008210409A  
 2020/08/30  21:20:29.8  -29.99   0.84   17.1 175 77  -13 7.5e+25  6.51 202008302120A  
 2020/09/01  04:09:28.5  -71.41 -28.01   34.4  15 24  112 2.5e+26  6.86 202009010409A  
 2020/09/06  06:51:19.1  -37.18   7.79   12.0 183 83   -1 1.0e+26  6.61 202009060651A  
 2020/09/18  21:43:59.0  -26.91   0.94   13.8 176 81    3 2.5e+26  6.86 202009182143A  
 2020/10/01  01:13:36.5 -173.79 -19.40   42.4 313 29   48 7.7e+25  6.52 202010010113A  
 2020/10/19  20:54:39.0 -159.70  54.48   37.4 350 49  176 2.9e+27  7.58 202010192054A  
 2020/10/30  11:51:27.4   26.63  37.78   12.0 276 34  -90 3.9e+26  6.99 202010301151A  
 2020/12/27  21:39:14.8  -75.26 -39.58   12.0   1 43 -109 1.4e+26  6.70 202012272139A 
 2021/01/11  21:32:59.0  100.39  51.31   14.3 354 45 -143 2.0e+26  6.79 202101112132A  
 2021/01/21  12:23:05.8  127.33   5.05  104.4 343 29   68 3.8e+26  6.98 202101211223A  
 2021/01/23  23:36:50.8  -55.35 -61.88   12.0  16 47 -123 3.0e+26  6.91 202101232336A  
 2021/02/03  05:23:44.3  -98.63 -36.38   18.1  93 77  175 9.7e+25  6.59 202102030523A  
 2021/02/10  13:20:00.1  171.59 -22.96   21.8 279 23  101 4.0e+27  7.67 202102101319A  
 2021/02/13  14:07:49.7  141.63  37.60   50.7  28 38  103 5.8e+26  7.11 202102131407A  
 2021/03/04  13:27:36.5  179.87 -37.36   52.1 308 81  173 8.8e+26  7.23 202103041327A  
 2021/03/04  17:41:25.6 -177.03 -29.58   41.4 197 27   95 1.8e+27  7.43 202103041741A  
 2021/03/04  19:28:27.0 -176.77 -29.11   36.6 199 19   96 1.6e+28  8.07 202103041928A  
 2021/03/04  23:12:57.5 -176.16 -28.49   29.0 196 30   90 1.6e+26  6.73 202103042312A  
 2021/03/16  18:38:22.9  163.42  54.73   19.4 337 70  170 9.4e+25  6.58 202103161838A  
 2021/03/20  09:09:45.3  141.79  38.39   52.3 191 21   81 5.1e+26  7.07 202103200909A  
 2021/04/03  01:16:39.9   -7.61 -58.02   13.5 252 85    0 1.1e+26  6.62 202104030116A  
 2021/04/24  00:23:38.1 -176.13 -18.91  315.4  52 14   84 7.9e+25  6.53 202104240023A  
 2021/04/25  22:28:00.7 -176.87 -21.70  247.9 112 34  177 7.2e+25  6.50 202104252228A  
 2021/05/01  01:27:27.6  141.88  38.19   47.3 194 22   83 2.4e+26  6.85 202105010127A  
 2021/05/12  14:05:16.0   65.51 -17.60   18.7  56 77   -9 9.9e+25  6.59 202105121405A  
 2021/05/14  06:33:08.0   96.63   0.09   13.4 164 44  -50 1.5e+26  6.71 202105140633A  
 2021/05/19  00:42:20.1 -109.55 -33.41   14.6 104 77  179 1.3e+26  6.67 202105190042A  
 2021/05/21  18:04:13.7   98.46  34.65   12.0  13 81 -173 1.7e+27  7.42 202105211804A  
